<?xml version="1.0" encoding="UTF-8" standalone="no" ?>
<SimscapeMultibodyImportXML version="2.0" xmlns="urn:mathworks:SimscapeMultibody:import" xmlns:xsi="http://www.w3.org/2001/XMLSchema-instance">
<Created by="" on="10/18/18||19:11:30" using="Simscape Multibody Link Version 5.1" from="SolidWorks 25.4.0"/>
<ModelUnits mass="kilogram" length="millimeter"/>
<DataUnits mass="kilogram" length="meter"/>
<RootAssembly name="Leg_model_left" uid="Leg_model_left" version="3709">
<AssemblyFile name="Leg_model_left.SLDASM" type="SolidWorks Assembly"/>
<InstanceTree>
<Instance name="Lower joint cap-1" uid="Lower joint cap-1" entityUid="Lower joint cap*:*Default">
<Transform>
<Rotation>1.5119021092377665e-15 -1.6311559802821909e-15 1 -0.84810862045526669 0.5298223927973077 2.1464801766277976e-15 -0.5298223927973077 -0.84810862045526669 -5.823578549928371e-16</Rotation>
<Translation>-0.041572036914944953 0 0</Translation>
</Transform>
</Instance>
<Instance name="motor axle-1" uid="motor axle-1" entityUid="motor axle*:*Default">
<Transform>
<Rotation>-2.4486285302487235e-15 5.3993234534442806e-16 1 -0.023988010293211043 -0.99971224627998478 4.8103925141564221e-16 0.99971224627998478 -0.023988010293211043 2.4608758309379689e-15</Rotation>
<Translation>0.058427963085054997 0 0</Translation>
</Transform>
</Instance>
<Instance name="motor body-1" uid="motor body-1" entityUid="motor body*:*Default">
<Transform>
<Rotation>9.7872048885256885e-16 -1.6957733975292381e-15 0.99999999999999989 -0.0828411072996246 0.99656276818942635 1.7710229202971043e-15 -0.99656276818942635 -0.0828411072996246 8.3487665367405683e-16</Rotation>
<Translation>0.069427963085055 0 0</Translation>
</Transform>
</Instance>
<Instance name="bearing-1" uid="bearing-1" entityUid="bearing*:*Default">
<Transform>
<Rotation>-1 -7.7746179960019907e-16 2.4478269417784975e-15 -2.5535129566378052e-15 0.40318393859091672 -0.91511896038838347 -2.7545447358339815e-16 -0.91511896038838347 -0.40318393859091672</Rotation>
<Translation>0.028933163085055003 0 0</Translation>
</Transform>
</Instance>
<Instance name="hip joint casin-2" uid="hip joint casin-2" entityUid="hip joint casin*:*Default">
<Transform>
<Rotation>2.539435551033744e-16 3.4579862638185079e-15 1 -0.034785341428714478 -0.99939480688148863 3.4653385825659068e-15 0.99939480688148863 -0.034785341428714422 -1.3384228789018902e-16</Rotation>
<Translation>0.020427963085055005 0 0</Translation>
</Transform>
</Instance>
<Instance name="Lower joint cap-2" uid="Lower joint cap-2" entityUid="Lower joint cap*:*Default">
<Transform>
<Rotation>1.8506721068542978e-15 2.4225699889135881e-16 1 -0.84810862045524926 0.52982239279733556 1.441217784634687e-15 -0.52982239279733545 -0.84810862045524915 1.1859877730622091e-15</Rotation>
<Translation>0.032427963085055002 0 0</Translation>
</Transform>
</Instance>
<Instance name="hip-1" uid="hip-1" entityUid="hip*:*Default">
<Transform>
<Rotation>-1 1.1665469130918361e-15 4.4516784064633718e-15 -4.4090171036317181e-15 0.034785341428714478 -0.99939480688148863 -1.3203544297056912e-15 -0.99939480688148863 -0.034785341428714422</Rotation>
<Translation>-0.002072036914945152 0.053250897543424158 -0.020660152729826013</Translation>
</Transform>
</Instance>
<Instance name="hip joint casin-1" uid="hip joint casin-1" entityUid="hip joint casin*:*Default">
<Transform>
<Rotation>1.044276050452477e-15 4.7633176024793069e-15 -0.99999999999999989 0.034785341428693883 -0.99939480688148918 -4.7241093764842074e-15 -0.99939480688148918 -0.034785341428693883 -1.2093376909084677e-15</Rotation>
<Translation>-0.02457203691494492 0 0</Translation>
</Transform>
</Instance>
<Instance name="upper leg cap-2" uid="upper leg cap-2" entityUid="upper leg cap*:*Default">
<Transform>
<Rotation>1.995461374799143e-15 -3.1164771825807153e-16 -0.99999999999999956 -0.90446922736758295 -0.42653888069563783 -1.6719035389892881e-15 -0.42653888069563783 0.90446922736758295 -1.1330176322219522e-15</Rotation>
<Translation>0.037427963085054992 0 0</Translation>
</Transform>
</Instance>
<Instance name="upper leg cap-1" uid="upper leg cap-1" entityUid="upper leg cap*:*Default">
<Transform>
<Rotation>1.4906134712011925e-15 -3.4062578364330927e-16 -0.99999999999999978 -0.90446922736757951 -0.42653888069564527 -1.2029238741097548e-15 -0.42653888069564527 0.9044692273675794 -9.4389014090934522e-16</Rotation>
<Translation>0.025427963085055003 0 0</Translation>
</Transform>
</Instance>
<Instance name="upper leg casin-2" uid="upper leg casin-2" entityUid="upper leg casin*:*Default">
<Transform>
<Rotation>9.4334686381167749e-16 3.5715169080733775e-15 1 0.083811453446572495 -0.99648163067423023 3.4798877207772211e-15 0.99648163067423023 0.083811453446572495 -1.2393618442171198e-15</Rotation>
<Translation>-0.01957203691494493 0 0</Translation>
</Transform>
<VisualProperties>
<Ambient r="1" g="1" b="1" a="1"/>
<Diffuse r="1" g="1" b="1" a="1"/>
<Specular r="0.69999998807907104" g="0.69999998807907104" b="0.69999998807907104" a="1"/>
<Emissive r="0.29999999999999999" g="0.29999999999999999" b="0.29999999999999999" a="1"/>
<Shininess>0.10000000149011612</Shininess>
</VisualProperties>
</Instance>
<Instance name="bearing-2" uid="bearing-2" entityUid="bearing*:*Default">
<Transform>
<Rotation>-1 6.3485974971158247e-16 -1.9014138854678051e-15 -1.942890293094022e-15 -0.097947719097962321 0.99519156162193556 4.4619049242318286e-16 0.99519156162193556 0.097947719097962307</Rotation>
<Translation>-0.033077236914944921 0 0</Translation>
</Transform>
</Instance>
<Instance name="SEA system hip-1" uid="SEA system hip-1" entityUid="SEA system hip" rigid="true">
<Transform>
<Rotation>2.4426532999902254e-15 5.6634826232642145e-16 -0.99999999999999989 0.034785341428714228 -0.99939480688148852 -4.8103698322324511e-16 -0.99939480688148852 -0.034785341428714228 -2.4608756406947449e-15</Rotation>
<Translation>-0.0019999999999998071 0 0</Translation>
</Transform>
<Instance name="spring holder-1" uid="spring holder-1" entityUid="spring holder*:*Default">
<Transform>
<Rotation>1 0 -1.3877787807814378e-16 0 -1 0 0 0 -0.99999999999999967</Rotation>
<Translation>0.023498263518223237 -0.13900984807753011 7.2036914945138465e-05</Translation>
</Transform>
</Instance>
<Instance name="spring connector hip-1" uid="spring connector hip-1" entityUid="spring connector hip*:*Default">
<Transform>
<Rotation>0 0 1 0 1 0 -0.99999999999999978 0 0</Rotation>
<Translation>0.023498263518223237 -0.14000984807753011 7.2036914945138465e-05</Translation>
</Transform>
</Instance>
<Instance name="spring-2" uid="spring-2" entityUid="spring*:*Default">
<Transform>
<Rotation>-1 1.8041124150158794e-16 0 1.9428902930940239e-16 1 0 0 0 -0.99999999999999978</Rotation>
<Translation>-0.023498263518223254 -0.13700984807753008 7.2036914945138465e-05</Translation>
</Transform>
</Instance>
<Instance name="Motor axis connector-1" uid="Motor axis connector-1" entityUid="Motor axis connector*:*Default">
<Transform>
<Rotation>1 0 0 0 1 0 0 0 1</Rotation>
<Translation>0 0 0</Translation>
</Transform>
</Instance>
<Instance name="spring connector hip-2" uid="spring connector hip-2" entityUid="spring connector hip*:*Default">
<Transform>
<Rotation>0 1.6653345369377348e-16 -1 0 1 1.6653345369377348e-16 0.99999999999999978 0 0</Rotation>
<Translation>-0.023498263518223254 -0.14000984807753011 7.2036914945138465e-05</Translation>
</Transform>
</Instance>
<Instance name="spring-1" uid="spring-1" entityUid="spring*:*Default">
<Transform>
<Rotation>0 0 -1 0 1 1.1796119636642288e-16 0.99999999999999978 0 0</Rotation>
<Translation>0.023498263518223234 -0.13700984807753011 7.2036914945137597e-05</Translation>
</Transform>
</Instance>
<Instance name="spring holder-2" uid="spring holder-2" entityUid="spring holder*:*Default">
<Transform>
<Rotation>1 0 0 0 1 0 0 0 1</Rotation>
<Translation>-0.023498263518223258 -0.14000984807753011 7.2036914945138465e-05</Translation>
</Transform>
</Instance>
</Instance>
<Instance name="Ball bearing filler-1" uid="Ball bearing filler-1" entityUid="Ball bearing filler*:*Default">
<Transform>
<Rotation>-1.0282660054333968e-15 -1 9.9779473859178519e-16 -0.03478534142871903 -9.6142229600375661e-16 -0.99939480688148852 0.99939480688148852 -1.0623523365806039e-15 -0.03478534142871903</Rotation>
<Translation>0.032427963085055002 0 0</Translation>
</Transform>
</Instance>
<Instance name="Ball bearing filler-2" uid="Ball bearing filler-2" entityUid="Ball bearing filler*:*Default">
<Transform>
<Rotation>-3.4197984871027318e-16 -1 3.851774582412495e-15 -0.034785341428682587 -3.8375476291420513e-15 -0.99939480688148985 0.99939480688148985 -4.7575817881470454e-16 -0.034785341428682587</Rotation>
<Translation>-0.029572036914944921 0 0</Translation>
</Transform>
</Instance>
<Instance name="Ball bearing filler small-1" uid="Ball bearing filler small-1" entityUid="Ball bearing filler small*:*Default">
<Transform>
<Rotation>1.5493599450155907e-15 2.3317137637683675e-16 1 -0.90446922736758328 0.42653888069563772 1.3018917344924952e-15 -0.42653888069563772 -0.90446922736758328 8.7175859137739812e-16</Rotation>
<Translation>0.025427963085054999 0 0</Translation>
</Transform>
</Instance>
<Instance name="beam filler-1" uid="beam filler-1" entityUid="beam filler*:*Default">
<Transform>
<Rotation>0.58967449771302483 -4.5664517759096327e-15 0.80764100115514914 0.028094067977013693 0.99939480688148852 -0.020512028734749846 -0.80715222237902251 0.034785341428714839 0.58931763076484733</Rotation>
<Translation>-0.046492291978478165 0.070350028352725885 -0.15257728634218254</Translation>
</Transform>
</Instance>
<Instance name="upper leg casin-4" uid="upper leg casin-4" entityUid="upper leg casin*:*Default">
<Transform>
<Rotation>-1 -3.1290858098711279e-16 -4.4018759835493648e-15 -4.3889389216402438e-15 -0.034785341428714478 0.99939480688148863 -4.655003193602142e-16 0.99939480688148863 0.034785341428714422</Rotation>
<Translation>-0.002072036914945001 0.039240022565869601 -0.12120837689297743</Translation>
</Transform>
</Instance>
<Instance name="Lower joint casin-2" uid="Lower joint casin-2" entityUid="Lower joint casin*:*Default">
<Transform>
<Rotation>0.5896744977130205 0.80764100115515236 5.3662714314046671e-15 0.028094067977012721 -0.020512028734747931 -0.99939480688148863 -0.80715222237902573 0.58931763076484323 -0.034785341428712979</Rotation>
<Translation>-0.0020720369149456329 0.034243048531462268 -0.12138230360012094</Translation>
</Transform>
<VisualProperties>
<Ambient r="0.792156862745098" g="0.81960784313725488" b="0.93333333333333335" a="1"/>
<Diffuse r="0.792156862745098" g="0.81960784313725488" b="0.93333333333333335" a="1"/>
<Specular r="0.396078431372549" g="0.40980392156862744" b="0.46666666666666667" a="1"/>
<Emissive r="0" g="0" b="0" a="1"/>
<Shininess>0.40000000596046448</Shininess>
</VisualProperties>
</Instance>
<Instance name="upper leg cap-3" uid="upper leg cap-3" entityUid="upper leg cap*:*Default">
<Transform>
<Rotation>-0.99999999999999989 1.0327230642936184e-15 4.3828888374263546e-15 -4.3443127188699821e-15 0.034785341428714353 -0.99939480688148841 -1.1845583520557563e-15 -0.99939480688148852 -0.034785341428714346</Rotation>
<Translation>-0.0020720369149451485 0.084212788875536598 -0.11964303652868527</Translation>
</Transform>
</Instance>
<Instance name="upper leg cap-10" uid="upper leg cap-10" entityUid="upper leg cap*:*Default">
<Transform>
<Rotation>0.4999999999999965 -0.86602540378444071 4.2434775325554231e-15 -0.030124989356580506 -0.017392670714361111 -0.99939480688148863 0.86550129116961438 0.49969740344074071 -0.034785341428715061</Rotation>
<Translation>-0.0020720369149451953 0.096205526558114471 -0.1192256124315407</Translation>
</Transform>
</Instance>
<Instance name="motor body-3" uid="motor body-3" entityUid="motor body*:*Default">
<Transform>
<Rotation>-0.58967449771300973 0.80764100115516058 -3.8304543938796272e-15 -0.028094067977013554 -0.02051202873474986 0.99939480688148863 0.80715222237903372 0.58931763076483212 0.034785341428714756</Rotation>
<Translation>-0.16360023714597713 0.13228856612527234 -0.23597600765879023</Translation>
</Transform>
</Instance>
<Instance name="upper leg cap-9" uid="upper leg cap-9" entityUid="upper leg cap*:*Default">
<Transform>
<Rotation>-1 -7.6232281105403407e-15 4.3984441137769222e-15 -4.6614199294283937e-15 0.034785341428714978 -0.99939480688148863 7.465866806895515e-15 -0.99939480688148885 -0.034785341428715061</Rotation>
<Translation>-0.0020720369149447976 0.022250310848884278 -0.12179972769726559</Translation>
</Transform>
</Instance>
<Instance name="Ball bearing filler small-4" uid="Ball bearing filler small-4" entityUid="Ball bearing filler small*:*Default">
<Transform>
<Rotation>0.49999999999999711 -0.86602540378444037 4.4256324977801387e-15 -0.030124989356580395 -0.017392670714361305 -0.99939480688148841 0.86550129116961405 0.49969740344074137 -0.034785341428715144</Rotation>
<Translation>-0.002072036914945178 0.09120855252370702 -0.11939953913868426</Translation>
</Transform>
</Instance>
<Instance name="upper leg cap-8" uid="upper leg cap-8" entityUid="upper leg cap*:*Default">
<Transform>
<Rotation>6.8660778936709318e-16 -2.933138668913974e-15 -0.99999999999999989 0.083811453446580586 0.99648163067422968 -2.8652732070184366e-15 0.99648163067422968 -0.083811453446580586 9.3002266458419791e-16</Rotation>
<Translation>-0.036572036914944921 0 0</Translation>
</Transform>
</Instance>
<Instance name="Ball bearing filler small-2" uid="Ball bearing filler small-2" entityUid="Ball bearing filler small*:*Default">
<Transform>
<Rotation>2.8415194294048823e-16 -1.9755713101747288e-15 -1 0.08381145344657398 0.99648163067423012 -1.9448053333386288e-15 0.99648163067423012 -0.08381145344657398 4.48727694353685e-16</Rotation>
<Translation>-0.029572036914944921 0 0</Translation>
</Transform>
</Instance>
<Instance name="upper leg casin-3" uid="upper leg casin-3" entityUid="upper leg casin*:*Default">
<Transform>
<Rotation>1 -1.1600631257346096e-15 4.3822894674243074e-15 4.3398956990580332e-15 -0.034785341428714478 -0.99939480688148863 1.311460848356105e-15 0.99939480688148863 -0.034785341428714422</Rotation>
<Translation>-0.0020720369149451121 0.074218840806721711 -0.11999088994297241</Translation>
</Transform>
</Instance>
<Instance name="SEA system-4" uid="SEA system-4" entityUid="SEA system" rigid="true">
<Transform>
<Rotation>0.58967449771302116 0.80764100115515203 4.253541963095131e-15 0.028094067977013248 -0.020512028734749714 -0.99939480688148863 -0.80715222237902517 0.58931763076484356 -0.034785341428714471</Rotation>
<Translation>-0.00207203691494542 0.056801425004995736 -0.12059712758929303</Translation>
</Transform>
<Instance name="spring base-1" uid="spring base-1" entityUid="spring base*:*Default">
<Transform>
<Rotation>6.106226635438361e-16 -4.9266146717741321e-16 -1.0000000000000002 1 -9.8185348740287282e-16 5.5511151231257827e-16 -9.7491459349896559e-16 -1.0000000000000002 4.9266146717741321e-16</Rotation>
<Translation>-0.012498263518223279 -0.055009848077530274 7.2036914945262931e-05</Translation>
</Transform>
</Instance>
<Instance name="spring connector-1" uid="spring connector-1" entityUid="spring connector*:*Default">
<Transform>
<Rotation>4.9960036108132044e-16 4.4408920985006262e-16 -1 1.6757428777935957e-15 1 3.3306690738754696e-16 1.0000000000000002 -1.672273430841642e-15 5.0306980803327406e-16</Rotation>
<Translation>-0.023498263518223289 -0.11600984807753008 7.2036914945380892e-05</Translation>
</Transform>
</Instance>
<Instance name="spring holder-1" uid="spring holder-1" entityUid="spring holder*:*Default">
<Transform>
<Rotation>0.76073513419101346 0 -0.64906244353481191 -1.2212453270876722e-15 -1 -1.4988010832439613e-15 -0.64906244353481179 1.9116652705264414e-15 -0.76073513419101368</Rotation>
<Translation>0.023498263518223261 -0.11500984807753013 7.2036914945443342e-05</Translation>
</Transform>
</Instance>
<Instance name="spring-2" uid="spring-2" entityUid="spring*:*Default">
<Transform>
<Rotation>-1 4.4408920985006262e-16 -6.9388939039072284e-16 3.3306690738754696e-16 1 -2.4633073358870661e-15 6.9388939039072284e-16 -2.4633073358870661e-15 -1</Rotation>
<Translation>-0.023498263518223303 -0.11300984807753008 7.2036914945401709e-05</Translation>
</Transform>
</Instance>
<Instance name="spring holder-2" uid="spring holder-2" entityUid="spring holder*:*Default">
<Transform>
<Rotation>0.45073332239401592 3.8857805861880479e-16 0.89265865373257447 -1.5820678100908481e-15 1 4.4408920985006262e-16 -0.89265865373257458 -1.5890067039947553e-15 0.45073332239401592</Rotation>
<Translation>-0.023498263518223289 -0.11600984807753008 7.2036914945380892e-05</Translation>
</Transform>
</Instance>
<Instance name="spring-1" uid="spring-1" entityUid="spring*:*Default">
<Transform>
<Rotation>-1.0000000000000002 -3.8857805861880479e-16 0 -4.4408920985006262e-16 1 -2.0712598303163077e-15 0 -2.0781987242202149e-15 -1.0000000000000002</Rotation>
<Translation>0.023498263518223261 -0.11300984807753019 7.2036914945367014e-05</Translation>
</Transform>
</Instance>
<Instance name="spring base-2" uid="spring base-2" entityUid="spring base*:*Default">
<Transform>
<Rotation>1.1102230246251565e-16 4.8225312632155237e-16 1 0.99999999999999989 1.8388068845354155e-15 0 -1.8422763314873691e-15 1.0000000000000002 -4.8572257327350599e-16</Rotation>
<Translation>0.012498263518223238 -0.055009848077530191 7.203691494533232e-05</Translation>
</Transform>
</Instance>
<Instance name="Motor axis connector-1" uid="Motor axis connector-1" entityUid="Motor axis connector*:*Default">
<Transform>
<Rotation>1 0 0 0 1 0 0 0 1</Rotation>
<Translation>0 0 0</Translation>
</Transform>
</Instance>
<Instance name="spring connector-2" uid="spring connector-2" entityUid="spring connector*:*Default">
<Transform>
<Rotation>-4.3368086899420177e-16 0 1 -1.8839096949108125e-15 1 1.1102230246251565e-16 -1 -1.8804402479588589e-15 -4.3715031594615539e-16</Rotation>
<Translation>0.023498263518223234 -0.11600984807753011 7.2036914945443342e-05</Translation>
</Transform>
</Instance>
</Instance>
<Instance name="Lower joint cap-6" uid="Lower joint cap-6" entityUid="Lower joint cap*:*Default">
<Transform>
<Rotation>0.97224061973228215 0.23398328432302132 2.9457663859716065e-15 0.0081391884337913417 -0.033819721908252581 -0.99939480688148863 -0.23384167924950225 0.97165222639968285 -0.034785341428715311</Rotation>
<Translation>-0.16360023714597574 0.026352716595834078 -0.23966325385023457</Translation>
</Transform>
</Instance>
<Instance name="Lower joint casin-1" uid="Lower joint casin-1" entityUid="Lower joint casin*:*Default">
<Transform>
<Rotation>-0.58967449771302394 0.80764100115514981 -5.2319260035460502e-15 -0.028094067977013967 -0.020512028734749183 0.99939480688148841 0.80715222237902295 0.58931763076484645 0.034785341428714735</Rotation>
<Translation>-0.0020720369149451129 0.079215814841129217 -0.11981696323582884</Translation>
</Transform>
</Instance>
<Instance name="upper leg cap-7" uid="upper leg cap-7" entityUid="upper leg cap*:*Default">
<Transform>
<Rotation>-1.9195042007549105e-15 -5.7735058729313671e-16 1 0.82107267984513777 0.57082366314994704 1.9056178352482758e-15 -0.57082366314994704 0.82107267984513777 -6.2165162538768959e-16</Rotation>
<Translation>-0.029572036914944921 0 0</Translation>
</Transform>
</Instance>
<Instance name="bearing-3" uid="bearing-3" entityUid="bearing*:*Default">
<Transform>
<Rotation>4.386014697080195e-15 0.4741497832802149 0.88044419642321758 -0.99939480688148852 0.0306265519815139 -0.016493462099749404 -0.034785341428714478 -0.87991135765430895 0.47386283109423022</Rotation>
<Translation>-0.0020720369149451524 0.087715867552617649 -0.11952110694990935</Translation>
</Transform>
</Instance>
<Instance name="Lower joint cap-4" uid="Lower joint cap-4" entityUid="Lower joint cap*:*Default">
<Transform>
<Rotation>-0.40460037528174309 0.91449359556088339 5.0116161220969957e-15 0.031810971955955156 0.014074162196365637 -0.99939480688148852 -0.91394015032992726 -0.40435551391887531 -0.034785341428713513</Rotation>
<Translation>-0.0020720369149452465 0.022250310848884416 -0.12179972769726548</Translation>
</Transform>
</Instance>
<Instance name="bearing-4" uid="bearing-4" entityUid="bearing*:*Default">
<Transform>
<Rotation>-4.1557979182661592e-15 0.40480428849158778 0.914403350835297 0.99939480688148863 -0.031807832762363819 0.014081255386991121 0.034785341428713451 0.91384996021982801 -0.40455930372184873</Rotation>
<Translation>-0.0020720369149455848 0.02574299581997383 -0.12167815988604044</Translation>
</Transform>
</Instance>
<Instance name="upper leg cap-4" uid="upper leg cap-4" entityUid="upper leg cap*:*Default">
<Transform>
<Rotation>-1 -6.5490555208649562e-16 -4.4018759835493617e-15 -4.3770424402329642e-15 -0.034785341428714422 0.99939480688148863 -8.0729031624613556e-16 0.99939480688148863 0.034785341428714367</Rotation>
<Translation>-0.0020720369149448349 0.029246074497054696 -0.12155623030726458</Translation>
</Transform>
</Instance>
<Instance name="Ball bearing filler-3" uid="Ball bearing filler-3" entityUid="Ball bearing filler*:*Default">
<Transform>
<Rotation>0.58967449771302105 -4.2368519666145236e-15 0.80764100115515203 0.028094067977012881 0.99939480688148852 -0.020512028734749464 -0.80715222237902517 0.034785341428714027 0.58931763076484356</Rotation>
<Translation>-0.0020720369149455592 0.022250310848884413 -0.12179972769726548</Translation>
</Transform>
</Instance>
<Instance name="motor body-2" uid="motor body-2" entityUid="motor body*:*Default">
<Transform>
<Rotation>-1 -4.8718243936697592e-14 -4.2525319735124925e-15 -2.5558891762507247e-15 -0.034785341428714478 0.99939480688148863 -4.8836346116834716e-14 0.99939480688148863 0.034785341428714422</Rotation>
<Translation>-0.0020720369149394994 0.12818616037832206 -0.11811248150582189</Translation>
</Transform>
</Instance>
<Instance name="upper leg casin-7" uid="upper leg casin-7" grounded="true" entityUid="upper leg casin*:*Default">
<Transform>
<Rotation>9.8066602581980431e-16 1.5838752948309288e-15 -0.99999999999999989 -0.082841107299585826 -0.99656276818942957 -1.6596706077535566e-15 -0.99656276818942957 0.082841107299585798 -8.4608526611205897e-16</Rotation>
<Translation>0.015427963085055002 0 0</Translation>
</Transform>
<VisualProperties>
<Ambient r="1" g="1" b="1" a="1"/>
<Diffuse r="1" g="1" b="1" a="1"/>
<Specular r="0.69999998807907104" g="0.69999998807907104" b="0.69999998807907104" a="1"/>
<Emissive r="0.29999999999999999" g="0.29999999999999999" b="0.29999999999999999" a="1"/>
<Shininess>0.10000000149011612</Shininess>
</VisualProperties>
</Instance>
<Instance name="Lower joint cap-3" uid="Lower joint cap-3" entityUid="Lower joint cap*:*Default">
<Transform>
<Rotation>-0.58967449771302372 0.80764100115515014 -5.0193267362093073e-15 -0.028094067977013748 -0.020512028734749263 0.99939480688148863 0.80715222237902329 0.58931763076484633 0.034785341428714561</Rotation>
<Translation>-0.0020720369149451775 0.091208552523707034 -0.11939953913868424</Translation>
</Transform>
</Instance>
<Instance name="motor axle-2" uid="motor axle-2" entityUid="motor axle*:*Default">
<Transform>
<Rotation>-0.59836410316656741 0.80122431318680631 -4.2500725161431774e-15 -0.02787086129519286 -0.020814299627332181 0.99939480688148841 0.80073941774608137 0.59800197732896687 0.034785341428714478</Rotation>
<Translation>-0.0020720369149457175 0.11719281750262567 -0.11849512026153762</Translation>
</Transform>
</Instance>
<Instance name="Ball bearing filler small-3" uid="Ball bearing filler small-3" entityUid="Ball bearing filler small*:*Default">
<Transform>
<Rotation>1 6.7709166477265776e-15 4.402023288251593e-15 4.6353489925736895e-15 -0.034785341428714978 -0.99939480688148863 -6.613946654307287e-15 0.99939480688148885 -0.034785341428715061</Rotation>
<Translation>-0.0020720369149448284 0.029246074497054703 -0.12155623030726458</Translation>
</Transform>
</Instance>
<Instance name="Ball bearing filler-4" uid="Ball bearing filler-4" entityUid="Ball bearing filler*:*Default">
<Transform>
<Rotation>-0.99427487299476902 -5.2523544099643279e-15 0.10685259440573205 0.0037169039789421258 0.99939480688148852 0.03458619093111541 -0.10678792795090279 0.034785341428714561 -0.9936731446837237</Rotation>
<Translation>-0.0020720369149452513 0.084212788875536626 -0.11964303652868526</Translation>
</Transform>
</Instance>
<Instance name="beam filler-2" uid="beam filler-2" entityUid="beam filler*:*Default">
<Transform>
<Rotation>0.58967449771302016 -4.31092655677639e-15 0.80764100115515258 0.028094067977012797 0.99939480688148852 -0.02051202873474927 -0.80715222237902573 0.034785341428713847 0.58931763076484267</Rotation>
<Translation>-0.04649229197847897 0.035371210111873413 -0.15379477329218733</Translation>
</Transform>
</Instance>
<Instance name="Lower joint cap-5" uid="Lower joint cap-5" entityUid="Lower joint cap*:*Default">
<Transform>
<Rotation>0.28348484158148174 -0.95897671744079482 -3.8021052193935299e-15 0.033358332538367869 0.0098611170042734939 0.99939480688148863 -0.95839635133058709 -0.28331327850615462 0.034785341428715449</Rotation>
<Translation>-0.1636002371459751 0.095310958270657276 -0.2372630652916535</Translation>
</Transform>
</Instance>
<Instance name="upperleg-1" uid="upperleg-1" entityUid="upperleg*:*Default">
<Transform>
<Rotation>-0.58967449771302116 0.80764100115515192 -5.1858601899030792e-15 -0.028094067977012388 -0.020512028734747945 0.99939480688148863 0.80715222237902529 0.58931763076484389 0.034785341428712674</Rotation>
<Translation>-0.082836137030460583 0.058780634559770575 -0.17953139649445937</Translation>
</Transform>
</Instance>
<Instance name="Lower joint casin-3" uid="Lower joint casin-3" entityUid="Lower joint casin*:*Default">
<Transform>
<Rotation>-0.6887557781507947 -0.72499343311777198 -3.6454257432360168e-15 0.025219144104575347 -0.023958604903978206 0.99939480688148874 -0.72455467208108326 0.68833894789352279 0.034785341428714783</Rotation>
<Translation>-0.1636002371459751 0.083318220588079417 -0.23768048938879807</Translation>
</Transform>
</Instance>
<Instance name="motor axle-3" uid="motor axle-3" entityUid="motor axle*:*Default">
<Transform>
<Rotation>0.68088433279150529 -0.7323909648262098 3.8027123707918943e-15 -0.025476469770782995 -0.02368479398961798 -0.99939480688148863 0.73194772685423726 0.68047226627879764 -0.034785341428714811</Rotation>
<Translation>-0.16360023714597702 0.12129522324957596 -0.23635864641450613</Translation>
</Transform>
</Instance>
<Instance name="upper leg cap-5" uid="upper leg cap-5" entityUid="upper leg cap*:*Default">
<Transform>
<Rotation>0.99427487299476913 -0.10685259440573068 4.8493238355635786e-15 -0.0037169039789422924 -0.034586190931113675 -0.99939480688148874 0.10678792795090143 0.99367314468372414 -0.034785341428712813</Rotation>
<Translation>-0.16360023714597688 0.10030793230506407 -0.23708913858450895</Translation>
</Transform>
</Instance>
<Instance name="upper leg casin-5" uid="upper leg casin-5" entityUid="upper leg casin*:*Default">
<Transform>
<Rotation>0.58967449771302116 0.80764100115515192 4.7496728772244978e-15 0.028094067977012048 -0.020512028734748229 -0.99939480688148841 -0.80715222237902506 0.58931763076484367 -0.034785341428712625</Rotation>
<Translation>-0.16360023714597588 0.078321246553671425 -0.23785441609594127</Translation>
</Transform>
</Instance>
<Instance name="bearing-5" uid="bearing-5" entityUid="bearing*:*Default">
<Transform>
<Rotation>4.8145870475870115e-15 0.94904323402578372 0.31514590263857389 -0.99939480688148852 0.010962457823147871 -0.033012792926196993 -0.034785341428714756 -0.3149551785069698 0.9484688795913816</Rotation>
<Translation>-0.16360023714597505 0.091818273299567058 -0.23738463310287841</Translation>
</Transform>
</Instance>
<Instance name="bearing-6" uid="bearing-6" entityUid="bearing*:*Default">
<Transform>
<Rotation>3.556440241287461e-15 0.72383764324840449 -0.68997033720051737 -0.99939480688148852 -0.02400085375520233 -0.025178939559353863 -0.034785341428713971 0.6895527719004666 0.72339958168779084</Rotation>
<Translation>-0.16360023714597499 0.02984540156692354 -0.23954168603900988</Translation>
</Transform>
</Instance>
<Instance name="upper leg cap-6" uid="upper leg cap-6" entityUid="upper leg cap*:*Default">
<Transform>
<Rotation>-0.99427487299476935 -0.10685259440572918 -5.371137562493189e-15 0.0037169039789416124 -0.03458619093111269 0.99939480688148863 -0.10678792795089992 0.99367314468372414 0.0347853414287118</Rotation>
<Translation>-0.16360023714597613 0.021355742561426545 -0.23983718055737777</Translation>
</Transform>
</Instance>
<Instance name="upper leg casin-6" uid="upper leg casin-6" entityUid="upper leg casin*:*Default">
<Transform>
<Rotation>-0.58967449771302005 0.8076410011551528 -5.2111093218343285e-15 -0.02809406797701252 -0.020512028734747948 0.99939480688148863 0.80715222237902584 0.58931763076484267 0.03478534142871284</Rotation>
<Translation>-0.16360023714597613 0.043342428312819294 -0.23907190304594597</Translation>
</Transform>
</Instance>
<Instance name="Ball bearing filler small-5" uid="Ball bearing filler small-5" entityUid="Ball bearing filler small*:*Default">
<Transform>
<Rotation>0.58967449771301705 0.80764100115515491 5.044575868140555e-15 0.028094067977011635 -0.020512028734747348 -0.99939480688148852 -0.80715222237902806 0.58931763076483967 -0.034785341428711772</Rotation>
<Translation>-0.16360023714597613 0.033348480244004407 -0.23941975646023317</Translation>
</Transform>
</Instance>
<Instance name="upper leg cap-11" uid="upper leg cap-11" entityUid="upper leg cap*:*Default">
<Transform>
<Rotation>-0.58967449771303371 0.80764100115514292 -5.0064764953233761e-15 -0.028094067977012277 -0.020512028734748763 0.99939480688148874 0.80715222237901618 0.58931763076485622 0.034785341428713118</Rotation>
<Translation>-0.16360023714597477 0.083318220588079431 -0.2376804893887984</Translation>
</Transform>
</Instance>
<Instance name="beam filler-3" uid="beam filler-3" entityUid="beam filler*:*Default">
<Transform>
<Rotation>0.6887557781507887 -3.8500984114208247e-15 -0.72499343311777753 -0.025219144104575736 0.99939480688148874 -0.023958604903978456 0.72455467208108892 0.034785341428715422 0.68833894789351691</Rotation>
<Translation>-0.12372559832449734 0.039663177548130708 -0.27710447188723386</Translation>
</Transform>
</Instance>
<Instance name="beam filler hip-1" uid="beam filler hip-1" entityUid="beam filler hip*:*Default">
<Transform>
<Rotation>4.6634396319457569e-15 1 -1.116135641620539e-15 -0.99939480688148863 4.6224037459676575e-15 -0.034785341428715089 -0.034785341428715033 1.2773398533187544e-15 0.99939480688148863</Rotation>
<Translation>-0.024572036914945181 0.052468227361277958 0.0018262304250074607</Translation>
</Transform>
</Instance>
<Instance name="SEA system-1" uid="SEA system-1" entityUid="SEA system" rigid="true">
<Transform>
<Rotation>0.68875577815078759 -0.72499343311777875 3.8823111392360943e-15 -0.025219144104575625 -0.023958604903978348 -0.99939480688148852 0.72455467208108992 0.68833894789351557 -0.034785341428715158</Rotation>
<Translation>-0.16360023714597666 0.060903830751945422 -0.23846065374226166</Translation>
</Transform>
<Instance name="spring base-1" uid="spring base-1" entityUid="spring base*:*Default">
<Transform>
<Rotation>4.9960036108132044e-16 -4.891920202254596e-16 -1 1 -9.8185348740287282e-16 5.5511151231257827e-16 -9.783840404509192e-16 -1 4.9613091412936683e-16</Rotation>
<Translation>-0.012498263518223307 -0.055009848077530218 7.203691494526987e-05</Translation>
</Transform>
</Instance>
<Instance name="spring connector-1" uid="spring connector-1" entityUid="spring connector*:*Default">
<Transform>
<Rotation>4.9960036108132044e-16 3.3306690738754696e-16 -1 1.6757428777935957e-15 1 3.3306690738754696e-16 1 -1.672273430841642e-15 5.0306980803327406e-16</Rotation>
<Translation>-0.023498263518223317 -0.11600984807753009 7.2036914945387831e-05</Translation>
</Transform>
</Instance>
<Instance name="spring holder-1" uid="spring holder-1" entityUid="spring holder*:*Default">
<Transform>
<Rotation>0.76073513419101335 0 -0.64906244353481179 -1.3322676295501878e-15 -1 -1.4988010832439613e-15 -0.64906244353481168 1.9116652705264414e-15 -0.76073513419101335</Rotation>
<Translation>0.023498263518223206 -0.11500984807753012 7.203691494545722e-05</Translation>
</Transform>
</Instance>
<Instance name="spring-2" uid="spring-2" entityUid="spring*:*Default">
<Transform>
<Rotation>-1 4.4408920985006262e-16 -6.9388939039072284e-16 4.9960036108132044e-16 1 -2.4667767828390197e-15 6.9735883734267645e-16 -2.4667767828390197e-15 -0.99999999999999989</Rotation>
<Translation>-0.023498263518223317 -0.11300984807753006 7.2036914945408648e-05</Translation>
</Transform>
</Instance>
<Instance name="spring holder-2" uid="spring holder-2" entityUid="spring holder*:*Default">
<Transform>
<Rotation>0.45073332239401581 3.3306690738754696e-16 0.89265865373257447 -1.6375789613221059e-15 1 4.9960036108132044e-16 -0.89265865373257447 -1.6410484082740595e-15 0.45073332239401576</Rotation>
<Translation>-0.023498263518223317 -0.11600984807753006 7.2036914945387831e-05</Translation>
</Transform>
</Instance>
<Instance name="spring-1" uid="spring-1" entityUid="spring*:*Default">
<Transform>
<Rotation>-1 -4.4408920985006262e-16 0 -4.4408920985006262e-16 1 -2.0747292772682613e-15 0 -2.0747292772682613e-15 -1</Rotation>
<Translation>0.023498263518223261 -0.1130098480775302 7.2036914945373953e-05</Translation>
</Transform>
</Instance>
<Instance name="spring base-2" uid="spring base-2" entityUid="spring base*:*Default">
<Transform>
<Rotation>0 4.8225312632155237e-16 1 1 1.8353374375834619e-15 0 -1.8388068845354155e-15 1 -4.8572257327350599e-16</Rotation>
<Translation>0.012498263518223196 -0.055009848077530191 7.2036914945346198e-05</Translation>
</Transform>
</Instance>
<Instance name="Motor axis connector-1" uid="Motor axis connector-1" entityUid="Motor axis connector*:*Default">
<Transform>
<Rotation>1 0 0 0 1 0 0 0 1</Rotation>
<Translation>0 0 0</Translation>
</Transform>
</Instance>
<Instance name="spring connector-2" uid="spring connector-2" entityUid="spring connector*:*Default">
<Transform>
<Rotation>-4.3368086899420177e-16 0 1 -1.8873791418627661e-15 1 0 -1 -1.8873791418627661e-15 -4.3368086899420177e-16</Rotation>
<Translation>0.023498263518223206 -0.11600984807753009 7.2036914945450281e-05</Translation>
</Transform>
</Instance>
</Instance>
<Instance name="Ball bearing filler-5" uid="Ball bearing filler-5" entityUid="Ball bearing filler*:*Default">
<Transform>
<Rotation>0.28348484158148229 -3.5174818732629904e-15 0.95897671744079471 0.033358332538367563 0.99939480688148852 -0.0098611170042737159 -0.95839635133058687 0.034785341428715227 0.28331327850615512</Rotation>
<Translation>-0.1636002371459751 0.088315194622486895 -0.23750656268165446</Translation>
</Transform>
</Instance>
<Instance name="beam filler hip-2" uid="beam filler hip-2" entityUid="beam filler hip*:*Default">
<Transform>
<Rotation>3.6946926477106046e-15 1 -5.2435803853275102e-16 -0.99939480688148863 3.6748282267142185e-15 -0.034785341428715089 -0.034785341428715033 6.5222219535938666e-16 0.99939480688148863</Rotation>
<Translation>0.010427963085054826 0.052468227361278146 0.0018262304250075145</Translation>
</Transform>
</Instance>
<Instance name="beam filler-4" uid="beam filler-4" entityUid="beam filler*:*Default">
<Transform>
<Rotation>0.68875577815078382 -3.6361625113387781e-15 -0.72499343311778208 -0.025219144104575732 0.99939480688148852 -0.023958604903977859 0.72455467208109336 0.034785341428714894 0.6883389478935118</Rotation>
<Translation>-0.12372559832449749 0.07464199578898284 -0.27588698493722885</Translation>
</Transform>
</Instance>
<Instance name="upper leg cap-12" uid="upper leg cap-12" entityUid="upper leg cap*:*Default">
<Transform>
<Rotation>0.99427487299477002 -0.10685259440572289 5.4738242869152291e-15 -0.0037169039789413695 -0.034586190931113453 -0.99939480688148863 0.10678792795089369 0.99367314468372492 -0.034785341428712507</Rotation>
<Translation>-0.16360023714597607 0.038345454278411857 -0.23924582975308953</Translation>
</Transform>
</Instance>
<Instance name="lower leg main-1" uid="lower leg main-1" entityUid="lower leg main*:*Default">
<Transform>
<Rotation>3.5246508300886984e-15 -0.7249934331177782 -0.68875577815078826 -0.99939480688148852 -0.023958604903978054 0.025219144104575847 -0.034785341428715061 0.68833894789351635 -0.72455467208108937</Rotation>
<Translation>0.0067732196367026824 0.066462109585680246 -0.40022281232592066</Translation>
</Transform>
</Instance>
<Instance name="Lower joint casin-5" uid="Lower joint casin-5" entityUid="Lower joint casin*:*Default">
<Transform>
<Rotation>-0.68875577815078981 -0.72499343311777653 -3.2959746043559335e-15 0.025219144104575233 -0.023958604903977321 0.99939480688148841 -0.7245546720810877 0.68833894789351791 0.034785341428714159</Rotation>
<Translation>-0.16360023714597505 0.033348480244004532 -0.23941975646023397</Translation>
</Transform>
</Instance>
<Instance name="hex bolt gradeb_iso-145" uid="hex bolt gradeb_iso-145" entityUid="hex bolt gradeb_iso*:*ISO 4015 - M4 x 20 x 14-N">
<Transform>
<Rotation>1 0 0 0 1 0 0 0 1</Rotation>
<Translation>0.0061279630850550751 0.045407583077525751 -0.010927094721726876</Translation>
</Transform>
</Instance>
<Instance name="Ball bearing filler small-6" uid="Ball bearing filler small-6" entityUid="Ball bearing filler small*:*Default">
<Transform>
<Rotation>0.99427487299476824 0.10685259440573884 -4.8285071538518585e-15 -0.0037169039789428093 0.03458619093111559 0.99939480688148852 0.10678792795090958 -0.99367314468372314 0.034785341428714783</Rotation>
<Translation>-0.16360023714597621 0.088315194622486257 -0.23750656268165396</Translation>
</Transform>
</Instance>
<Instance name="hex bolt gradeb_iso-146" uid="hex bolt gradeb_iso-146" entityUid="hex bolt gradeb_iso*:*ISO 4015 - M4 x 20 x 14-N">
<Transform>
<Rotation>1 0 0 0 1 0 0 0 1</Rotation>
<Translation>0.0061279630850550734 0.044972766309666935 0.0015653403642917317</Translation>
</Transform>
</Instance>
<Instance name="hex bolt gradeb_iso-147" uid="hex bolt gradeb_iso-147" entityUid="hex bolt gradeb_iso*:*ISO 4015 - M4 x 20 x 14-N">
<Transform>
<Rotation>1 0 0 0 1 0 0 0 1</Rotation>
<Translation>0.0061279630850550647 0.044537949541808113 0.014057775450310372</Translation>
</Transform>
</Instance>
<Instance name="Ball bearing filler-6" uid="Ball bearing filler-6" entityUid="Ball bearing filler*:*Default">
<Transform>
<Rotation>-0.28348484158148735 -3.1273070392528084e-15 -0.95897671744079316 -0.033358332538366758 0.99939480688148852 0.0098611170042740837 0.95839635133058532 0.034785341428714589 -0.28331327850616</Rotation>
<Translation>-0.16360023714597571 0.026352716595834092 -0.23966325385023449</Translation>
</Transform>
</Instance>
<Instance name="hex bolt gradeb_iso-148" uid="hex bolt gradeb_iso-148" entityUid="hex bolt gradeb_iso*:*ISO 4015 - M4 x 20 x 14-N">
<Transform>
<Rotation>1 0 0 0 1 0 0 0 1</Rotation>
<Translation>0.0061279630850550664 0.0596158349986022 0.012081068554537234</Translation>
</Transform>
</Instance>
<Instance name="hex bolt gradeb_iso-168" uid="hex bolt gradeb_iso-168" entityUid="hex bolt gradeb_iso*:*ISO 4015 - M4 x 20 x 14-N">
<Transform>
<Rotation>4.3824367638164862e-15 0.99978512359069227 -0.020729366771422446 -0.99939480688148863 -0.00072107810074059945 -0.034777866879451808 -0.034785341428714506 0.020716821501301434 0.99918006051390507</Rotation>
<Translation>0.0054279630850549475 0.046969053905575243 -0.075912106908023344</Translation>
</Transform>
</Instance>
<Instance name="hex bolt gradeb_iso-173" uid="hex bolt gradeb_iso-173" entityUid="hex bolt gradeb_iso*:*ISO 4015 - M4 x 20 x 14-N">
<Transform>
