<?xml version="1.0" encoding="UTF-8" standalone="no" ?>
<SimscapeMultibodyImportXML version="2.0" xmlns="urn:mathworks:SimscapeMultibody:import" xmlns:xsi="http://www.w3.org/2001/XMLSchema-instance">
<Created by="" on="11/02/18||16:02:21" using="Simscape Multibody Link Version 5.1" from="SolidWorks 25.4.0"/>
<ModelUnits mass="kilogram" length="millimeter"/>
<DataUnits mass="kilogram" length="meter"/>
<RootAssembly name="Leg_model_left" uid="Leg_model_left" version="4344">
<AssemblyFile name="Leg_model_left.SLDASM" type="SolidWorks Assembly"/>
<InstanceTree>
<Instance name="motor body-1" uid="motor body-1" entityUid="motor body*:*Default">
<Transform>
<Rotation>7.6991140718086964e-16 -1.8002159970849146e-15 1 0.036370434317676371 0.99933837688119631 1.7710229202971012e-15 -0.99933837688119631 0.036370434317676371 8.3487665367405506e-16</Rotation>
<Translation>0.069427963085054972 0 0</Translation>
</Transform>
</Instance>
<Instance name="upper leg cap-7" uid="upper leg cap-7" entityUid="upper leg cap*:*Default">
<Transform>
<Rotation>-2.4587584153914963e-15 -2.9279980205036634e-15 1 0.88170135407356365 0.47180792937894156 3.5493433074699255e-15 -0.47180792937894156 0.88170135407356365 1.4215581025938846e-15</Rotation>
<Translation>-0.029572036914944928 0 0</Translation>
</Transform>
</Instance>
<Instance name="motor axle-1" uid="motor axle-1" entityUid="motor axle*:*Default">
<Transform>
<Rotation>-2.5070777103270102e-15 0 0.99999999999999989 0.20874096020778429 -0.97797096660971083 4.8103925141564054e-16 0.97797096660971083 0.20874096020778429 2.4608758309379633e-15</Rotation>
<Translation>0.058427963085054983 0 0</Translation>
</Transform>
</Instance>
<Instance name="hip joint casin-2" uid="hip joint casin-2" entityUid="hip joint casin*:*Default">
<Transform>
<Rotation>-8.0953673084281261e-16 2.3833994124980584e-15 1 0.19816489710076182 -0.9801686964788483 2.4965552583034278e-15 0.9801686964788483 0.19816489710076182 3.2117646289425362e-16</Rotation>
<Translation>0.020427963085054041 0 0</Translation>
</Transform>
</Instance>
<Instance name="SEA system hip-1" uid="SEA system hip-1" entityUid="SEA system hip" rigid="true">
<Transform>
<Rotation>2.507397913218409e-15 0 -1 -0.19816489710076182 -0.9801686964788483 -4.8103698322324343e-16 -0.9801686964788483 0.19816489710076182 -2.4608756406947414e-15</Rotation>
<Translation>-0.0020000000000007629 0 0</Translation>
</Transform>
<Instance name="Motor axis connector-1" uid="Motor axis connector-1" entityUid="Motor axis connector*:*Default">
<Transform>
<Rotation>1 0 0 0 1 0 0 0 1</Rotation>
<Translation>0 0 0</Translation>
</Transform>
</Instance>
<Instance name="spring holder-2" uid="spring holder-2" entityUid="spring holder*:*Default">
<Transform>
<Rotation>1 0 0 0 1 0 0 0 1</Rotation>
<Translation>-0.023498263518223258 -0.14000984807753014 7.2036914945138898e-05</Translation>
</Transform>
</Instance>
<Instance name="spring-1" uid="spring-1" entityUid="spring*:*Default">
<Transform>
<Rotation>0 0 -1 0 1 0 1 0 0</Rotation>
<Translation>0.023498263518223247 -0.13700984807753014 7.2036914945138031e-05</Translation>
</Transform>
</Instance>
<Instance name="spring holder-1" uid="spring holder-1" entityUid="spring holder*:*Default">
<Transform>
<Rotation>1 0 0 0 -1 0 0 0 -1</Rotation>
<Translation>0.023498263518223247 -0.13900984807753014 7.2036914945138465e-05</Translation>
</Transform>
</Instance>
<Instance name="spring-2" uid="spring-2" entityUid="spring*:*Default">
<Transform>
<Rotation>-1.0000000000000002 1.6653345369377348e-16 0 1.6653345369377348e-16 1.0000000000000002 0 0 0 -1</Rotation>
<Translation>-0.023498263518223258 -0.13700984807753014 7.2036914945138465e-05</Translation>
</Transform>
</Instance>
<Instance name="spring connector hip-1" uid="spring connector hip-1" entityUid="spring connector hip*:*Default">
<Transform>
<Rotation>0 0 1.0000000000000002 0 1.0000000000000002 0 -1 0 0</Rotation>
<Translation>0.023498263518223244 -0.14000984807753014 7.2036914945138465e-05</Translation>
</Transform>
</Instance>
<Instance name="spring connector hip-2" uid="spring connector hip-2" entityUid="spring connector hip*:*Default">
<Transform>
<Rotation>0 1.6653345369377348e-16 -1.0000000000000002 0 1.0000000000000002 1.6653345369377348e-16 1 0 0</Rotation>
<Translation>-0.023498263518223254 -0.14000984807753014 7.2036914945138898e-05</Translation>
</Transform>
</Instance>
</Instance>
<Instance name="Ball bearing filler-2" uid="Ball bearing filler-2" entityUid="Ball bearing filler*:*Default">
<Transform>
<Rotation>-8.5318188935560738e-16 -1 3.9461622498932235e-15 0.19816489710076818 -4.036975409884269e-15 -0.98016869647884719 0.98016869647884719 0 0.19816489710076818</Rotation>
<Translation>-0.029572036914945875 0 0</Translation>
</Transform>
</Instance>
<Instance name="hip joint casin-1" uid="hip joint casin-1" entityUid="hip joint casin*:*Default">
<Transform>
<Rotation>2.107756336398639e-15 3.6887307511587997e-15 -0.99999999999999989 -0.19816489710076113 -0.98016869647884841 -4.0332617295406779e-15 -0.98016869647884841 0.19816489710076113 -1.3349798310070907e-15</Rotation>
<Translation>-0.024572036914945874 0 0</Translation>
</Transform>
</Instance>
<Instance name="bearing-1" uid="bearing-1" entityUid="bearing*:*Default">
<Transform>
<Rotation>-1 -7.7746179960019907e-16 2.4478269417784975e-15 -2.5535129566378052e-15 0.40318393859091672 -0.91511896038838347 -2.7545447358339815e-16 -0.91511896038838347 -0.40318393859091672</Rotation>
<Translation>0.028933163085054985 0 0</Translation>
</Transform>
</Instance>
<Instance name="Ball bearing filler small-1" uid="Ball bearing filler small-1" entityUid="Ball bearing filler small*:*Default">
<Transform>
<Rotation>1.5429476612083394e-15 0 1 -0.84726720419697921 0.5311669085063887 1.3013794404805409e-15 -0.5311669085063887 -0.84726720419697921 8.2898903154782335e-16</Rotation>
<Translation>0.025427963085054982 0 0</Translation>
</Transform>
</Instance>
<Instance name="bearing-2" uid="bearing-2" entityUid="bearing*:*Default">
<Transform>
<Rotation>-1 6.3485974971158247e-16 -1.9014138854678051e-15 -1.942890293094022e-15 -0.097947719097962321 0.99519156162193556 4.4619049242318286e-16 0.99519156162193556 0.097947719097962307</Rotation>
<Translation>-0.033077236914944935 0 0</Translation>
</Transform>
</Instance>
<Instance name="Lower joint cap-2" uid="Lower joint cap-2" entityUid="Lower joint cap*:*Default">
<Transform>
<Rotation>1.722113625943239e-15 5.5150646104019141e-16 0.99999999999999989 -0.94793343969533994 0.31846851321184211 1.4568116503123938e-15 -0.31846851321184211 -0.94793343969533994 1.0712303826640304e-15</Rotation>
<Translation>0.032427963085054037 0 0</Translation>
</Transform>
</Instance>
<Instance name="hip-1" uid="hip-1" entityUid="hip*:*Default">
<Transform>
<Rotation>-1 2.2287760100582016e-15 3.3777797257708207e-15 -3.7524591194952967e-15 -0.19816489710076182 -0.98016869647884819 -1.5152191047356617e-15 -0.98016869647884819 0.19816489710076182</Rotation>
<Translation>-0.0020720369149460263 0.047000146380372504 -0.032457452768564078</Translation>
</Transform>
</Instance>
<Instance name="Ball bearing filler small-2" uid="Ball bearing filler small-2" entityUid="Ball bearing filler small*:*Default">
<Transform>
<Rotation>-1.4819413422422154e-15 -3.6179028757531051e-15 -0.99999999999999989 -0.032253024487686417 0.99947973586831496 -3.5682235202542771e-15 0.99947973586831496 0.032253024487686417 -1.5978586513623215e-15</Rotation>
<Translation>-0.029572036914944939 0 0</Translation>
</Transform>
</Instance>
<Instance name="Ball bearing filler-4" uid="Ball bearing filler-4" entityUid="Ball bearing filler*:*Default">
<Transform>
<Rotation>-0.99569101803443016 -4.3728618604286618e-15 0.092732931613101033 -0.01837641185096648 0.98016869647884808 -0.19731100813294594 -0.090893916699874538 -0.19816489710076252 -0.97594516724250469</Rotation>
<Translation>-0.0020720369149444173 0.054138295823465396 -0.13592385708672036</Translation>
</Transform>
</Instance>
<Instance name="Ball bearing filler-1" uid="Ball bearing filler-1" entityUid="Ball bearing filler*:*Default">
<Transform>
<Rotation>-1.2318046553054272e-15 -1 7.3183509717645824e-16 0.19816489710076066 -9.6142229600375858e-16 -0.98016869647884852 0.98016869647884852 -1.0623523365805997e-15 0.19816489710076066</Rotation>
<Translation>0.032427963085054037 0 0</Translation>
</Transform>
</Instance>
<Instance name="Lower joint cap-1" uid="Lower joint cap-1" entityUid="Lower joint cap*:*Default">
<Transform>
<Rotation>1.8492452474026935e-15 -1.2356358603572213e-15 0.99999999999999989 -0.94793343969534272 0.318468513211834 2.1464725235298898e-15 -0.318468513211834 -0.94793343969534272 -5.8237416681494892e-16</Rotation>
<Translation>-0.041572036914945903 0 0</Translation>
</Transform>
</Instance>
<Instance name="upper leg casin-2" uid="upper leg casin-2" grounded="true" entityUid="upper leg casin*:*Default">
<Transform>
<Rotation>-8.2274642137102424e-16 5.2138484736517582e-15 1 -0.032253024487687923 -0.99947973586831496 5.1845998348272394e-15 0.99947973586831496 -0.032253024487687923 9.9048075841429702e-16</Rotation>
<Translation>-0.019572036914944937 0 0</Translation>
</Transform>
<VisualProperties>
<Ambient r="1" g="1" b="1" a="1"/>
<Diffuse r="1" g="1" b="1" a="1"/>
<Specular r="0.69999998807907104" g="0.69999998807907104" b="0.69999998807907104" a="1"/>
<Emissive r="0.29999999999999999" g="0.29999999999999999" b="0.29999999999999999" a="1"/>
<Shininess>0.10000000149011612</Shininess>
</VisualProperties>
</Instance>
<Instance name="upper leg cap-2" uid="upper leg cap-2" entityUid="upper leg cap*:*Default">
<Transform>
<Rotation>1.9890490909918928e-15 0 -1 -0.8472672041969791 -0.53116690850638892 -1.6376625157735809e-15 -0.53116690850638892 0.8472672041969791 -1.1324337796675538e-15</Rotation>
<Translation>0.037427963085054979 0 0</Translation>
</Transform>
</Instance>
<Instance name="upper leg cap-1" uid="upper leg cap-1" entityUid="upper leg cap*:*Default">
<Transform>
<Rotation>1.4842011873939395e-15 -1.1857993214213563e-16 -0.99999999999999989 -0.84726720419697477 -0.53116690850639581 -1.1945292545422572e-15 -0.53116690850639581 0.84726720419697477 -8.8882744388949482e-16</Rotation>
<Translation>0.025427963085054985 0 0</Translation>
</Transform>
</Instance>
<Instance name="upper leg cap-8" uid="upper leg cap-8" entityUid="upper leg cap*:*Default">
<Transform>
<Rotation>-1.0794854958156222e-15 -4.5754702344923421e-15 -1 -0.032253024487679832 0.9994797358683154 -4.5382731093131093e-15 0.9994797358683154 0.032253024487679832 -1.2264966317472069e-15</Rotation>
<Translation>-0.036572036914944941 0 0</Translation>
</Transform>
</Instance>
<Instance name="bearing-3" uid="bearing-3" entityUid="bearing*:*Default">
<Transform>
<Rotation>3.4253209287538499e-15 0.46160841287893095 0.88708380278268761 -0.98016869647884808 -0.17578887049818295 0.091474583639002655 0.1981648971007626 -0.86949177464100702 0.4524541163352111</Rotation>
<Translation>-0.002072036914944158 0.057573983138363045 -0.13661846468403802</Translation>
</Transform>
</Instance>
<Instance name="Lower joint cap-3" uid="Lower joint cap-3" entityUid="Lower joint cap*:*Default">
<Transform>
<Rotation>-0.57815458356156713 0.81592725013125456 -4.1355807667287081e-15 0.16168813956396594 0.11456994355981553 0.98016869647884808 0.79974634918272325 0.56668902453281178 -0.19816489710076263</Rotation>
<Translation>-0.0020720369149441445 0.060999476698817313 -0.13731101136642576</Translation>
</Transform>
</Instance>
<Instance name="upper leg casin-3" uid="upper leg casin-3" entityUid="upper leg casin*:*Default">
<Transform>
<Rotation>1 1.1660234580300719e-16 3.3083907867317591e-15 3.2196745930157392e-15 0.19816489710076182 -0.98016869647884819 -7.6989688911391683e-16 0.98016869647884819 0.19816489710076182</Rotation>
<Translation>-0.0020720369149461455 0.044336608858676178 -0.13394220811571222</Translation>
</Transform>
</Instance>
<Instance name="Lower joint cap-4" uid="Lower joint cap-4" entityUid="Lower joint cap*:*Default">
<Transform>
<Rotation>-0.41753643447287087 0.9086601817443537 4.1038780929063863e-15 -0.18006455141493111 -0.082741064573131795 -0.98016869647884819 -0.89064026588259637 -0.40925614270970068 0.19816489710076185</Rotation>
<Translation>-0.0020720369149447803 -0.0066321633582232756 -0.12363763346647336</Translation>
</Transform>
</Instance>
<Instance name="Lower joint casin-2" uid="Lower joint casin-2" entityUid="Lower joint casin*:*Default">
<Transform>
<Rotation>0.5781545835615578 0.81592725013126122 4.4859518093570712e-15 -0.1616881395639668 0.11456994355981379 -0.98016869647884819 -0.79974634918273002 0.56668902453280268 0.19816489710076229</Rotation>
<Translation>-0.0020720369149445864 0.0051298609995228924 -0.12601561223168253</Translation>
</Transform>
<VisualProperties>
<Ambient r="0.792156862745098" g="0.81960784313725488" b="0.93333333333333335" a="1"/>
<Diffuse r="0.792156862745098" g="0.81960784313725488" b="0.93333333333333335" a="1"/>
<Specular r="0.396078431372549" g="0.40980392156862744" b="0.46666666666666667" a="1"/>
<Emissive r="0" g="0" b="0" a="1"/>
<Shininess>0.40000000596046448</Shininess>
</VisualProperties>
</Instance>
<Instance name="motor body-2" uid="motor body-2" entityUid="motor body*:*Default">
<Transform>
<Rotation>-1 1.6787369458419147e-15 -3.1786251999723329e-15 -2.7829221847196896e-15 0.19816489710076182 0.98016869647884819 2.2753373396111579e-15 0.98016869647884819 -0.19816489710076182</Rotation>
<Translation>-0.0020720369149460284 0.097265718468533977 -0.14464311255915338</Translation>
</Transform>
</Instance>
<Instance name="Lower joint casin-1" uid="Lower joint casin-1" entityUid="Lower joint casin*:*Default">
<Transform>
<Rotation>-0.57815458356156746 0.81592725013125433 -4.379826895665512e-15 0.16168813956396566 0.11456994355981569 0.98016869647884808 0.79974634918272314 0.566689024532812 -0.19816489710076249</Rotation>
<Translation>-0.0020720369149441194 0.049237452341071151 -0.13493303260121661</Translation>
</Transform>
</Instance>
<Instance name="upper leg cap-4" uid="upper leg cap-4" entityUid="upper leg cap*:*Default">
<Transform>
<Rotation>-1 -1.8578087313939209e-14 -3.3279773090299221e-15 -6.9435039417987766e-15 0.19816489710076185 0.98016869647884819 -1.7550171344576437e-14 0.98016869647884819 -0.19816489710076185</Rotation>
<Translation>-0.0020720369149459365 0.00022901751712820791 -0.12502478774617862</Translation>
</Transform>
</Instance>
<Instance name="bearing-4" uid="bearing-4" entityUid="bearing*:*Default">
<Transform>
<Rotation>-3.1308109611253195e-15 0.41773904656595945 0.908567052547121 0.98016869647884819 0.18004609647714384 -0.082781215177710837 -0.19816489710076163 0.89054898355874057 -0.4094547367408739</Rotation>
<Translation>-0.002072036914944553 -0.0032066697977690107 -0.12433018014886114</Translation>
</Transform>
</Instance>
<Instance name="Ball bearing filler-3" uid="Ball bearing filler-3" entityUid="Ball bearing filler*:*Default">
<Transform>
<Rotation>0.57815458356155525 -3.1743297680410151e-15 0.81592725013126288 -0.16168813956396694 0.9801686964788483 0.11456994355981154 -0.79974634918273158 -0.19816489710076113 0.56668902453280046</Rotation>
<Translation>-0.0020720369149449355 -0.0066321633582232774 -0.12363763346647337</Translation>
</Transform>
</Instance>
<Instance name="upper leg cap-3" uid="upper leg cap-3" entityUid="upper leg cap*:*Default">
<Transform>
<Rotation>-0.99999999999999989 -9.7167822615113953e-16 3.30839078673175e-15 -3.0502285691731982e-15 -0.19816489710076202 -0.98016869647884819 1.6080155001452509e-15 -0.9801686964788483 0.19816489710076199</Rotation>
<Translation>-0.0020720369149462717 0.054138295823464647 -0.13592385708671983</Translation>
</Transform>
</Instance>
<Instance name="upper leg casin-4" uid="upper leg casin-4" entityUid="upper leg casin*:*Default">
<Transform>
<Rotation>-1 -3.8027533081039207e-15 -3.3279773028568158e-15 -4.0155513928523539e-15 0.19816489710076182 0.98016869647884819 -3.0678514732605567e-15 0.98016869647884819 -0.19816489710076182</Rotation>
<Translation>-0.0020720369149456594 0.010030704481916475 -0.12700643671718556</Translation>
</Transform>
</Instance>
<Instance name="Ball bearing filler small-3" uid="Ball bearing filler small-3" entityUid="Ball bearing filler small*:*Default">
<Transform>
<Rotation>1 -1.1152356343314748e-14 3.3279772741786067e-15 5.4719846939468661e-15 0.19816489710076135 -0.9801686964788483 1.0271702305603156e-14 0.9801686964788483 0.19816489710076135</Rotation>
<Translation>-0.0020720369149459239 0.00022901751712821555 -0.12502478774617864</Translation>
</Transform>
</Instance>
<Instance name="upper leg casin-7" uid="upper leg casin-7" grounded="true" entityUid="upper leg casin*:*Default">
<Transform>
<Rotation>7.8516253571121477e-16 1.6893450199081595e-15 -1 0.036370434317691096 -0.99933837688119564 -1.6596706077535552e-15 -0.99933837688119564 -0.036370434317691096 -8.4608526611205759e-16</Rotation>
<Translation>0.015427963085054982 0 0</Translation>
</Transform>
<VisualProperties>
<Ambient r="1" g="1" b="1" a="1"/>
<Diffuse r="1" g="1" b="1" a="1"/>
<Specular r="0.69999998807907104" g="0.69999998807907104" b="0.69999998807907104" a="1"/>
<Emissive r="0.29999999999999999" g="0.29999999999999999" b="0.29999999999999999" a="1"/>
<Shininess>0.10000000149011612</Shininess>
</VisualProperties>
</Instance>
<Instance name="SEA system-4" uid="SEA system-4" entityUid="SEA system" rigid="true">
<Transform>
<Rotation>0.57815458356156124 0.81592725013125866 3.1780134079895106e-15 -0.16168813956396663 0.11456994355981313 -0.98016869647884808 -0.79974634918272736 0.56668902453280634 0.19816489710076179</Rotation>
<Translation>-0.0020720369149457994 0.027254264999317292 -0.1304885976042866</Translation>
</Transform>
<Instance name="spring connector-1" uid="spring connector-1" entityUid="spring connector*:*Default">
<Transform>
<Rotation>4.9960036108132044e-16 3.3306690738754696e-16 -1 1.6792123247455493e-15 0.99999999999999989 4.4408920985006262e-16 0.99999999999999978 -1.6792123247455493e-15 5.2735593669694936e-16</Rotation>
<Translation>-0.023498263518223261 -0.11600984807753008 7.2036914945367014e-05</Translation>
</Transform>
</Instance>
<Instance name="spring holder-1" uid="spring holder-1" entityUid="spring holder*:*Default">
<Transform>
<Rotation>0.76073513419101357 0 -0.64906244353481157 -1.2767564783189302e-15 -0.99999999999999989 -1.5184133524477247e-15 -0.64906244353481168 1.9838050650483322e-15 -0.76073513419101346</Rotation>
<Translation>0.023498263518223234 -0.11500984807753013 7.2036914945436403e-05</Translation>
</Transform>
</Instance>
<Instance name="spring-1" uid="spring-1" entityUid="spring*:*Default">
<Transform>
<Rotation>-1 -4.4408920985006262e-16 0 -3.3306690738754696e-16 0.99999999999999989 -2.0539125955565396e-15 0 -2.0816681711721685e-15 -0.99999999999999978</Rotation>
<Translation>0.023498263518223261 -0.11300984807753019 7.2036914945360075e-05</Translation>
</Transform>
</Instance>
<Instance name="spring base-1" uid="spring base-1" entityUid="spring base*:*Default">
<Transform>
<Rotation>4.9960036108132044e-16 -4.9960036108132044e-16 -1 0.99999999999999989 -9.9920072216264089e-16 6.106226635438361e-16 -9.8532293435482643e-16 -0.99999999999999978 4.9960036108132044e-16</Rotation>
<Translation>-0.012498263518223279 -0.055009848077530246 7.2036914945255992e-05</Translation>
</Transform>
</Instance>
<Instance name="spring-2" uid="spring-2" entityUid="spring*:*Default">
<Transform>
<Rotation>-0.99999999999999989 4.4408920985006262e-16 -6.9388939039072284e-16 4.4408920985006262e-16 0.99999999999999989 -2.4563684419831588e-15 6.9388939039072284e-16 -2.4563684419831588e-15 -0.99999999999999978</Rotation>
<Translation>-0.023498263518223289 -0.11300984807753005 7.203691494539477e-05</Translation>
</Transform>
</Instance>
<Instance name="spring base-2" uid="spring base-2" entityUid="spring base*:*Default">
<Transform>
<Rotation>0 4.7184478546569163e-16 0.99999999999999989 0.99999999999999989 1.8179902028236942e-15 0 -1.8179902028236938e-15 1 -4.7184478546569163e-16</Rotation>
<Translation>0.01249826351822321 -0.055009848077530191 7.2036914945339259e-05</Translation>
</Transform>
</Instance>
<Instance name="Motor axis connector-1" uid="Motor axis connector-1" entityUid="Motor axis connector*:*Default">
<Transform>
<Rotation>1 0 0 0 1 0 0 0 1</Rotation>
<Translation>0 0 0</Translation>
</Transform>
</Instance>
<Instance name="spring connector-2" uid="spring connector-2" entityUid="spring connector*:*Default">
<Transform>
<Rotation>-4.163336342344337e-16 0 0.99999999999999989 -1.8873791418627661e-15 1.0000000000000002 0 -1 -1.8179902028236938e-15 -4.4408920985006262e-16</Rotation>
<Translation>0.02349826351822322 -0.11600984807753011 7.2036914945443342e-05</Translation>
</Transform>
</Instance>
<Instance name="spring holder-2" uid="spring holder-2" entityUid="spring holder*:*Default">
<Transform>
<Rotation>0.45073332239401587 2.7755575615628914e-16 0.89265865373257447 -1.609823385706477e-15 1.0000000000000002 6.106226635438361e-16 -0.89265865373257436 -1.6375789613221059e-15 0.45073332239401565</Rotation>
<Translation>-0.023498263518223275 -0.11600984807753005 7.2036914945367014e-05</Translation>
</Transform>
</Instance>
</Instance>
<Instance name="Ball bearing filler small-4" uid="Ball bearing filler small-4" entityUid="Ball bearing filler small*:*Default">
<Transform>
<Rotation>0.50000000000000011 -0.86602540378443849 3.3806261735028719e-15 0.17161583502759012 0.099082448550377789 -0.9801686964788483 0.8488509911449611 0.49008434823942493 0.19816489710076118</Rotation>
<Translation>-0.0020720369149465597 0.060999476698816585 -0.13731101136642515</Translation>
</Transform>
</Instance>
<Instance name="upper leg cap-9" uid="upper leg cap-9" entityUid="upper leg cap*:*Default">
<Transform>
<Rotation>-1 1.0300044880500524e-14 3.3243980997039493e-15 -5.2995782858411903e-15 -0.19816489710076135 -0.9801686964788483 -9.4370025568440346e-15 -0.9801686964788483 0.19816489710076135</Rotation>
<Translation>-0.0020720369149459005 -0.0066321633582237223 -0.1236376334664733</Translation>
</Transform>
</Instance>
<Instance name="motor axle-2" uid="motor axle-2" entityUid="motor axle*:*Default">
<Transform>
<Rotation>-0.58693436783146269 0.80963451498702876 -3.2140927198090957e-15 0.16044114035162788 0.11630978860622497 0.98016869647884841 0.79357840717912098 0.57529469423600099 -0.19816489710076174</Rotation>
<Translation>-0.0020720369149461256 0.086483862807266623 -0.14246329869104499</Translation>
</Transform>
</Instance>
<Instance name="upper leg cap-10" uid="upper leg cap-10" entityUid="upper leg cap*:*Default">
<Transform>
<Rotation>0.50000000000000056 -0.86602540378443826 3.1502578323738817e-15 0.17161583502758995 0.099082448550378066 -0.98016869647884819 0.84885099114496076 0.49008434823942532 0.19816489710076121</Rotation>
<Translation>-0.0020720369149466924 0.065900320181210836 -0.13830183585192896</Translation>
</Transform>
</Instance>
<Instance name="beam filler-1" uid="beam filler-1" entityUid="beam filler*:*Default">
<Transform>
<Rotation>0.57815458356156457 -4.1099798164881181e-15 0.81592725013125622 -0.16168813956396616 0.98016869647884808 0.11456994355981487 -0.79974634918272502 -0.1981648971007624 0.56668902453280945</Rotation>
<Translation>-0.046948035672163525 0.033134418480492825 -0.1641192799795135</Translation>
</Transform>
</Instance>
<Instance name="beam filler-2" uid="beam filler-2" entityUid="beam filler*:*Default">
<Transform>
<Rotation>0.57815458356155858 -3.2145109582868103e-15 0.81592725013126066 -0.1616881395639666 0.9801686964788483 0.11456994355981236 -0.79974634918272935 -0.19816489710076135 0.56668902453280368</Rotation>
<Translation>-0.046948035672163942 -0.0011714858962668516 -0.15718350858098667</Translation>
</Transform>
</Instance>
<Instance name="upperleg-1" uid="upperleg-1" entityUid="upperleg*:*Default">
<Transform>
<Rotation>-0.57815458356156124 0.81592725013125877 -4.2688045932029964e-15 0.16168813956396663 0.11456994355981447 0.98016869647884808 0.79974634918272736 0.56668902453280623 -0.1981648971007626</Rotation>
<Translation>-0.083664761928070666 0.01572666231431559 -0.18714322486973006</Translation>
</Transform>
</Instance>
<Instance name="Lower joint cap-5" uid="Lower joint cap-5" entityUid="Lower joint cap*:*Default">
<Transform>
<Rotation>0.20345507852197378 -0.97908428187956187 -4.4439820746922098e-15 -0.19402013597163648 -0.040317654699938754 0.98016869647884808 -0.95966776431281953 -0.19942029910688389 -0.19816489710076246</Rotation>
<Translation>-0.16525748694119233 0.03808548798685301 -0.25064881627298979</Translation>
</Transform>
</Instance>
<Instance name="Lower joint casin-3" uid="Lower joint casin-3" entityUid="Lower joint casin*:*Default">
<Transform>
<Rotation>-0.74618432129275425 -0.66573940746877192 -4.4131365228849972e-15 -0.13192618117697541 0.14786753924717852 0.98016869647884786 -0.65253692721326617 0.73138651353447348 -0.19816489710076307</Rotation>
<Translation>-0.16525748694119283 0.026323463629106893 -0.24827083750778028</Translation>
</Transform>
</Instance>
<Instance name="upper leg casin-5" uid="upper leg casin-5" entityUid="upper leg casin*:*Default">
<Transform>
<Rotation>0.57815458356156357 0.81592725013125711 3.8163916471489756e-15 -0.16168813956396663 0.11456994355981456 -0.98016869647884808 -0.79974634918272569 0.56668902453280834 0.19816489710076263</Rotation>
<Translation>-0.16525748694119605 0.021422620146713908 -0.24728001302227443</Translation>
</Transform>
</Instance>
<Instance name="Ball bearing filler-6" uid="Ball bearing filler-6" entityUid="Ball bearing filler*:*Default">
<Transform>
<Rotation>-0.20345507852198139 -4.1621536404816092e-15 -0.9790842818795602 0.19402013597163786 0.98016869647884763 -0.040317654699940336 0.95966776431281753 -0.19816489710076418 -0.19942029910689127</Rotation>
<Translation>-0.16525748694119483 -0.029546152070187157 -0.2369754383730362</Translation>
</Transform>
</Instance>
<Instance name="lower leg main-1" uid="lower leg main-1" entityUid="lower leg main*:*Default">
<Transform>
<Rotation>4.5169488809004835e-15 -0.66573940746876958 -0.74618432129275647 -0.98016869647884786 0.14786753924717932 -0.13192618117697541 0.19816489710076368 0.73138651353447548 -0.65253692721326373</Rotation>
<Translation>-0.0088087261860365258 -0.030479203764753781 -0.41568795800361258</Translation>
</Transform>
</Instance>
<Instance name="upper leg cap-11" uid="upper leg cap-11" entityUid="upper leg cap*:*Default">
<Transform>
<Rotation>-0.57815458356154448 0.81592725013127065 -3.8524709589685619e-15 0.16168813956397127 0.11456994355981219 0.98016869647884752 0.79974634918273857 0.56668902453278935 -0.19816489710076501</Rotation>
<Translation>-0.16525748694120379 0.026323463629107934 -0.24827083750777285</Translation>
</Transform>
</Instance>
<Instance name="hex bolt gradeb_iso-148" uid="hex bolt gradeb_iso-148" entityUid="hex bolt gradeb_iso*:*ISO 4015 - M4 x 20 x 14-N">
<Transform>
<Rotation>1 0 0 0 1 0 0 0 1</Rotation>
<Translation>0.0061279630850540126 0.060791770759738628 -0.0020882068612574998</Translation>
</Transform>
</Instance>
<Instance name="upper leg cap-5" uid="upper leg cap-5" entityUid="upper leg cap*:*Default">
<Transform>
<Rotation>0.99569101803443394 -0.092732931613059955 3.6880221099266919e-15 0.018376411850957914 0.19731100813294933 -0.98016869647884752 0.090893916699834362 0.9759451672425079 0.1981648971007651</Rotation>
<Translation>-0.16525748694120465 0.042986331469248448 -0.25163964075848533</Translation>
</Transform>
</Instance>
<Instance name="hex bolt gradeb_iso-152" uid="hex bolt gradeb_iso-152" entityUid="hex bolt gradeb_iso*:*ISO 4015 - M4 x 20 x 14-N">
<Transform>
<Rotation>-1 -1.2829513372942182e-16 -4.0455058686246878e-15 -3.6899666044365814e-15 -0.38184931868659805 0.92422459273630075 -1.6633471773980948e-15 0.92422459273630075 0.38184931868659827</Rotation>
<Translation>-0.010272036914946089 0.058810121788730962 -0.011889893826045762</Translation>
</Transform>
</Instance>
<Instance name="motor body-3" uid="motor body-3" entityUid="motor body*:*Default">
<Transform>
<Rotation>-0.57815458356155291 0.81592725013126466 -3.7776073899479296e-15 0.16168813956396794 0.11456994355981232 0.98016869647884797 0.79974634918273324 0.56668902453279801 -0.19816489710076243</Rotation>
<Translation>-0.16525748694119899 0.07435172975657163 -0.25798091746571372</Translation>
</Transform>
</Instance>
<Instance name="Ball bearing filler-5" uid="Ball bearing filler-5" entityUid="Ball bearing filler*:*Default">
<Transform>
<Rotation>0.20345507852197089 -4.1513559083383722e-15 0.97908428187956253 -0.19402013597163681 0.98016869647884819 0.040317654699937935 -0.95966776431282008 -0.19816489710076263 0.19942029910688114</Rotation>
<Translation>-0.16525748694119349 0.031224307111501232 -0.24926166199328367</Translation>
</Transform>
</Instance>
<Instance name="beam filler hip-1" uid="beam filler hip-1" entityUid="beam filler hip*:*Default">
<Transform>
<Rotation>3.5888527806252995e-15 1 -2.1783647385869049e-15 -0.9801686964788483 3.949356576109991e-15 0.19816489710076121 0.19816489710076121 1.4239802842938205e-15 0.9801686964788483</Rotation>
<Translation>-0.024572036914946072 0.051458856565139571 -0.010403657097790014</Translation>
</Transform>
</Instance>
<Instance name="bearing-6" uid="bearing-6" entityUid="bearing*:*Default">
<Transform>
<Rotation>4.6377290029153695e-15 0.77825920421990391 -0.62794315908926168 -0.98016869647884775 0.12443629150605617 0.15422365512195738 0.19816489710076471 0.61549022770733053 0.76282530972288898</Rotation>
<Translation>-0.16525748694119433 -0.026120658509732945 -0.2376679850554243</Translation>
</Transform>
</Instance>
<Instance name="Ball bearing filler small-6" uid="Ball bearing filler small-6" entityUid="Ball bearing filler small*:*Default">
<Transform>
<Rotation>0.99569101803443227 0.092732931613078065 -3.6255720647915268e-15 0.018376411850961255 -0.19731100813294708 0.98016869647884786 0.09089391669985214 -0.97594516724250668 -0.19816489710076318</Rotation>
<Translation>-0.16525748694120226 0.031224307111501998 -0.24926166199327776</Translation>
</Transform>
</Instance>
<Instance name="beam filler-3" uid="beam filler-3" entityUid="beam filler*:*Default">
<Transform>
<Rotation>0.74618432129274481 -5.0048940686275856e-15 -0.66573940746878291 0.13192618117697819 0.98016869647884797 0.14786753924717644 0.65253692721327661 -0.19816489710076343 0.73138651353446416</Rotation>
<Translation>-0.12864181953040976 -0.025916842371036052 -0.27957967538264217</Translation>
</Transform>
</Instance>
<Instance name="bearing-5" uid="bearing-5" entityUid="bearing*:*Default">
<Transform>
<Rotation>4.2773276534744243e-15 0.94904323402578361 0.31514590263857406 -0.98016869647884786 -0.062450855368096581 0.18806705481489738 0.19816489710076438 -0.30889614858990183 0.93022246959712207</Rotation>
<Translation>-0.16525748694119705 0.034659994426399367 -0.24995626959059883</Translation>
</Transform>
</Instance>
<Instance name="hex bolt gradeb_iso-161" uid="hex bolt gradeb_iso-161" entityUid="hex bolt gradeb_iso*:*ISO 4015 - M4 x 20 x 14-N">
<Transform>
<Rotation>-3.3083907867317445e-15 -0.99978512359069927 0.020729366771082131 0.98016869647884852 0.0041078328331521996 0.19812231613922332 -0.19816489710076174 0.02031827640684419 0.9799580813488401</Rotation>
<Translation>0.0054279630850539353 0.046120109321964801 -0.078189996266338491</Translation>
</Transform>
</Instance>
<Instance name="hex bolt gradeb_iso-163" uid="hex bolt gradeb_iso-163" entityUid="hex bolt gradeb_iso*:*ISO 4015 - M4 x 20 x 14-N">
<Transform>
<Rotation>3.3083907867317445e-15 0.99978512359069227 -0.020729366771423299 -0.9801686964788483 0.0041078328332262914 0.1981223161392219 0.19816489710076182 0.020318276407177271 0.97995808134883311</Rotation>
<Translation>-0.0095720369149460104 0.032026991670719249 -0.065138404989097523</Translation>
</Transform>
</Instance>
<Instance name="upper leg casin-6" uid="upper leg casin-6" entityUid="upper leg casin*:*Default">
<Transform>
<Rotation>-0.57815458356156535 0.815927250131256 -4.35207132004988e-15 0.1616881395639676 0.11456994355981642 0.98016869647884763 0.79974634918272436 0.56668902453280978 -0.19816489710076449</Rotation>
<Translation>-0.16525748694119544 -0.012883284230047342 -0.24034424162374773</Translation>
</Transform>
</Instance>
<Instance name="Lower joint casin-5" uid="Lower joint casin-5" entityUid="Lower joint casin*:*Default">
<Transform>
<Rotation>-0.7461843212927477 -0.66573940746877935 -4.3752978670652531e-15 -0.13192618117697794 0.14786753924717849 0.98016869647884775 -0.65253692721327328 0.73138651353446693 -0.19816489710076476</Rotation>
<Translation>-0.16525748694119435 -0.022684971194835292 -0.2383625926527419</Translation>
</Transform>
</Instance>
<Instance name="hex bolt gradeb_iso-149" uid="hex bolt gradeb_iso-149" entityUid="hex bolt gradeb_iso*:*ISO 4015 - M4 x 20 x 14-N">
<Transform>
<Rotation>1 0 0 0 1 0 0 0 1</Rotation>
<Translation>0.0061279630850540395 0.056828472817723297 -0.021691580790834445</Translation>
</Transform>
</Instance>
<Instance name="Ball bearing filler small-5" uid="Ball bearing filler small-5" entityUid="Ball bearing filler small*:*Default">
<Transform>
<Rotation>0.57815458356156235 0.815927250131258 4.2287781831767117e-15 -0.16168813956396905 0.1145699435598164 -0.9801686964788473 -0.79974634918272625 0.56668902453280678 0.1981648971007656</Rotation>
<Translation>-0.1652574869411961 -0.022684971194835743 -0.23836259265273962</Translation>
</Transform>
</Instance>
<Instance name="upper leg cap-12" uid="upper leg cap-12" entityUid="upper leg cap*:*Default">
<Transform>
<Rotation>0.99569101803443072 -0.092732931613095246 4.6364660497326196e-15 0.0183764118509658 0.19731100813294819 -0.98016869647884763 0.090893916699868779 0.97594516724250491 0.19816489710076468</Rotation>
<Translation>-0.16525748694119607 -0.017784127712441471 -0.23935341713824343</Translation>
</Transform>
</Instance>
<Instance name="Lower joint cap-6" uid="Lower joint cap-6" entityUid="Lower joint cap*:*Default">
<Transform>
<Rotation>0.94963939981473255 0.31334487441079112 3.8857805861880479e-15 -0.062093954794662502 0.18818519394711855 -0.98016869647884786 -0.30713083709955419 0.93080681264136156 0.19816489710076357</Rotation>
<Translation>-0.16525748694119619 -0.029546152070187005 -0.23697543837303528</Translation>
</Transform>
</Instance>
<Instance name="beam filler-4" uid="beam filler-4" entityUid="beam filler*:*Default">
<Transform>
<Rotation>0.74618432129277379 -4.2324617724153831e-15 -0.66573940746875004 0.13192618117697083 0.98016869647884797 0.14786753924718235 0.65253692721324486 -0.1981648971007629 0.73138651353449247</Rotation>
<Translation>-0.12864181953042134 0.0083890620057249874 -0.28651544678116375</Translation>
</Transform>
</Instance>
<Instance name="motor axle-3" uid="motor axle-3" entityUid="motor axle*:*Default">
<Transform>
<Rotation>0.73894957790187177 -0.67376073002115933 3.6637359812630166e-15 0.13351572573518017 0.14643386706757375 -0.9801686964788483 0.66039917648347635 0.72429524453567329 0.19816489710076229</Rotation>
<Translation>-0.16525748694119552 0.063569874095304374 -0.25580110359760772</Translation>
</Transform>
</Instance>
<Instance name="hex bolt gradeb_iso-146" uid="hex bolt gradeb_iso-146" entityUid="hex bolt gradeb_iso*:*ISO 4015 - M4 x 20 x 14-N">
<Transform>
<Rotation>1 0 0 0 1 0 0 0 1</Rotation>
<Translation>0.006127963085054043 0.044107591341548257 -0.0089174203695344782</Translation>
</Transform>
</Instance>
<Instance name="upper leg cap-6" uid="upper leg cap-6" entityUid="upper leg cap*:*Default">
<Transform>
<Rotation>-0.99569101803442939 -0.092732931613109304 -4.5359520085034199e-15 -0.018376411850968551 0.19731100813294869 0.9801686964788473 -0.090893916699882546 0.97594516724250335 -0.19816489710076543</Rotation>
<Translation>-0.16525748694119621 -0.034446995552581947 -0.23598461388753053</Translation>
</Transform>
</Instance>
<Instance name="SEA system-1" uid="SEA system-1" entityUid="SEA system" rigid="true">
<Transform>
<Rotation>0.74618432129275614 -0.66573940746877003 3.7571399984226428e-15 0.13192618117697402 0.14786753924717866 -0.98016869647884808 0.65253692721326462 0.73138651353447504 0.19816489710076216</Rotation>
<Translation>-0.16525748694119513 0.0043402762873542113 -0.24382640251084994</Translation>
</Transform>
<Instance name="spring connector-1" uid="spring connector-1" entityUid="spring connector*:*Default">
<Transform>
<Rotation>4.163336342344337e-16 2.7755575615628923e-16 -0.99999999999999989 1.609823385706477e-15 1 2.7755575615628987e-16 0.99999999999999989 -1.6098233857064774e-15 4.1633363423443326e-16</Rotation>
<Translation>-0.023498263518223261 -0.11600984807753011 7.2036914945387831e-05</Translation>
</Transform>
</Instance>
<Instance name="spring holder-1" uid="spring holder-1" entityUid="spring holder*:*Default">
<Transform>
<Rotation>0.76073513419101346 1.0960608631619281e-16 -0.64906244353481168 -1.1657341758564142e-15 -1 -1.5351697528373951e-15 -0.64906244353481168 1.9244918406241451e-15 -0.76073513419101346</Rotation>
<Translation>0.023498263518223261 -0.11500984807753016 7.2036914945450281e-05</Translation>
</Transform>
</Instance>
<Instance name="spring-1" uid="spring-1" entityUid="spring*:*Default">
<Transform>
<Rotation>-1 -3.8857805861880479e-16 0 -3.8857805861880479e-16 0.99999999999999989 -2.0539125955565396e-15 0 -2.1649348980190553e-15 -1</Rotation>
<Translation>0.023498263518223261 -0.11300984807753019 7.2036914945373953e-05</Translation>
</Transform>
</Instance>
<Instance name="spring base-1" uid="spring base-1" entityUid="spring base*:*Default">
<Transform>
<Rotation>4.9960036108132054e-16 -4.163336342344338e-16 -0.99999999999999989 1 -1.0824674490095274e-15 4.9960036108132094e-16 -1.0824674490095278e-15 -0.99999999999999989 4.1633363423443326e-16</Rotation>
<Translation>-0.012498263518223252 -0.05500984807753026 7.2036914945262931e-05</Translation>
</Transform>
</Instance>
<Instance name="spring-2" uid="spring-2" entityUid="spring*:*Default">
<Transform>
<Rotation>-1 3.8857805861880479e-16 -6.9388939039072284e-16 4.4408920985006262e-16 0.99999999999999989 -2.4424906541753444e-15 7.7715611723760958e-16 -2.55351295663786e-15 -0.99999999999999989</Rotation>
<Translation>-0.023498263518223261 -0.1130098480775301 7.2036914945408648e-05</Translation>
</Transform>
</Instance>
<Instance name="spring base-2" uid="spring base-2" entityUid="spring base*:*Default">
<Transform>
<Rotation>0 4.163336342344337e-16 0.99999999999999989 1 1.915134717478395e-15 0 -1.9151347174783954e-15 0.99999999999999989 -4.163336342344338e-16</Rotation>
<Translation>0.012498263518223252 -0.055009848077530205 7.2036914945339259e-05</Translation>
</Transform>
</Instance>
<Instance name="Motor axis connector-1" uid="Motor axis connector-1" entityUid="Motor axis connector*:*Default">
<Transform>
<Rotation>1 0 0 0 1 0 0 0 1</Rotation>
<Translation>0 0 0</Translation>
</Transform>
</Instance>
<Instance name="spring connector-2" uid="spring connector-2" entityUid="spring connector*:*Default">
<Transform>
<Rotation>-3.6082248300317588e-16 0 1.0000000000000002 -1.8041124150158794e-15 1 0 -1 -1.915134717478395e-15 -4.9960036108132044e-16</Rotation>
<Translation>0.023498263518223261 -0.11600984807753011 7.2036914945450281e-05</Translation>
</Transform>
</Instance>
<Instance name="spring holder-2" uid="spring holder-2" entityUid="spring holder*:*Default">
<Transform>
<Rotation>0.45073332239401598 2.2204460492503131e-16 0.89265865373257447 -1.5820678100908481e-15 0.99999999999999989 4.4408920985006262e-16 -0.89265865373257436 -1.7208456881689926e-15 0.45073332239401587</Rotation>
<Translation>-0.023498263518223261 -0.11600984807753011 7.2036914945387831e-05</Translation>
</Transform>
</Instance>
</Instance>
