%YAML:1.0
---
K: !!opencv-matrix
   rows: 3
   cols: 3
   dt: d
   data: [ 1.2878632771405678e+03, 0., 5.4784004782500460e+02, 0.,
       1.2437706950976917e+03, 2.3305653300196610e+02, 0., 0., 1. ]
D: !!opencv-matrix
   rows: 1
   cols: 5
   dt: d
   data: [ 2.8975813580702153e-01, -3.2742852061345644e+00,
       -1.4966276498596294e-03, -4.3485045947750919e-02,
       1.0333151494236931e+01 ]
board_width: 7
board_height: 7
square_size: 4.8460001945495605e+00
