%YAML:1.0
---
K1: !!opencv-matrix
   rows: 3
   cols: 3
   dt: d
   data: [ 1.2878632771405678e+03, 0., 5.4784004782500460e+02, 0.,
       1.2437706950976917e+03, 2.3305653300196610e+02, 0., 0., 1. ]
K2: !!opencv-matrix
   rows: 3
   cols: 3
   dt: d
   data: [ 9.3417514932104245e+02, 0., 8.8215001366634544e+02, 0.,
       9.0626492410259311e+02, 3.2181411487410128e+02, 0., 0., 1. ]
D1: !!opencv-matrix
   rows: 1
   cols: 5
   dt: d
   data: [ 2.8975813580702153e-01, -3.2742852061345644e+00,
       -1.4966276498596294e-03, -4.3485045947750919e-02,
       1.0333151494236931e+01 ]
D2: !!opencv-matrix
   rows: 1
   cols: 5
   dt: d
   data: [ -1.1676233302680841e-01, 1.1153421275877744e+00,
       -5.9157106746794169e-02, 8.5933201269036245e-03,
       -1.2693101854135258e+00 ]
R: !!opencv-matrix
   rows: 3
   cols: 3
   dt: d
   data: [ 9.7663561593718695e-01, 1.2404346248650971e-04,
       -2.1490197369082192e-01, -2.8849177198191503e-03,
       9.9991729052565637e-01, -1.2533529334550635e-02,
       2.1488264455916672e-01, 1.2860665653440424e-02,
       9.7655519677395053e-01 ]
T: [ -1.6361516910855311e+01, -4.7772073058170195e+00,
    -3.4876393749337261e+01 ]
E: !!opencv-matrix
   rows: 3
   cols: 3
   dt: d
   data: [ -1.1271544658121861e+00, 3.4812071075225965e+01,
       -5.1023309247027502e+00, -3.0545722268247733e+01,
       2.0609380993391091e-01, 2.3472930218351451e+01,
       4.7127924296354813e+00, -1.6359571077056920e+01,
       -8.2156372659034005e-01 ]
F: !!opencv-matrix
   rows: 3
   cols: 3
   dt: d
   data: [ 4.3148779299889615e-07, -1.3798897190633492e-05,
       5.4950318538186200e-03, 1.2053373521460218e-05,
       -8.4207854814021395e-08, -1.8512455064282014e-02,
       -5.9449388816958841e-03, 1.8257593965358920e-02, 1. ]
R1: !!opencv-matrix
   rows: 3
   cols: 3
   dt: d
   data: [ 6.0434403591657337e-01, 1.3466161130767695e-01,
       7.8526080807085186e-01, -1.3713341471420371e-01,
       9.8848466496854293e-01, -6.3972601094918688e-02,
       -7.8483292032182839e-01, -6.9024036118206705e-02,
       6.1585141845826974e-01 ]
R2: !!opencv-matrix
   rows: 3
   cols: 3
   dt: d
   data: [ 4.2148651613140331e-01, 1.2306490132527974e-01,
       8.9844540556519681e-01, -1.2005892364708488e-01,
       9.8960032901202566e-01, -7.9227796081893273e-02,
       -8.9885202985369927e-01, -7.4472940596499768e-02,
       4.3187823462961694e-01 ]
P1: !!opencv-matrix
   rows: 3
   cols: 4
   dt: d
   data: [ 8.3679489575475873e+02, 0., -8.6212134094238281e+03, 0., 0.,
       8.3679489575475873e+02, -9.0286760902404785e+02, 0., 0., 0., 1.,
       0. ]
P2: !!opencv-matrix
   rows: 3
   cols: 4
   dt: d
   data: [ 8.3679489575475873e+02, 0., -8.6212134094238281e+03,
       -3.2483207205471968e+04, 0., 8.3679489575475873e+02,
       -9.0286760902404785e+02, 0., 0., 0., 1., 0. ]
Q: !!opencv-matrix
   rows: 4
   cols: 4
   dt: d
   data: [ 1., 0., 0., 8.6212134094238281e+03, 0., 1., 0.,
       9.0286760902404785e+02, 0., 0., 0., 8.3679489575475873e+02, 0.,
       0., 2.5760845918373361e-02, 0. ]
