<?xml version="1.0" encoding="UTF-8" standalone="no" ?>
<SimscapeMultibodyImportXML version="2.0" xmlns="urn:mathworks:SimscapeMultibody:import" xmlns:xsi="http://www.w3.org/2001/XMLSchema-instance">
<Created by="" on="11/21/18||13:18:29" using="Simscape Multibody Link Version 5.1" from="SolidWorks 25.4.0"/>
<ModelUnits mass="kilogram" length="millimeter"/>
<DataUnits mass="kilogram" length="meter"/>
<RootAssembly name="robot" uid="robot" version="220">
<AssemblyFile name="robot.SLDASM" type="SolidWorks Assembly"/>
<InstanceTree>
<Instance name="Leg_model_right-2" uid="Leg_model_right-2" entityUid="Leg_model_right">
<Transform>
<Rotation>3.111613919537835e-16 0.83716910433122238 -0.54694413860398883 -1 -9.9203461540350277e-16 -2.0873468455309922e-15 -2.2900498072889922e-15 0.54694413860398872 0.83716910433122205</Rotation>
<Translation>0.16023334317690652 0.10290439363880896 0.36873571312728659</Translation>
</Transform>
<Instance name="upper leg casin-2" uid="upper leg casin-2" entityUid="upper leg casin*:*Default">
<Transform>
<Rotation>1.2014315315541447e-15 3.1116139195378251e-16 -1 0.54694413860398938 0.83716910433122194 9.1761063792195797e-16 0.8371691043312216 -0.54694413860398949 8.3561345969749231e-16</Rotation>
<Translation>0.36790439363880961 -0.5176249102011844 -0.20679669328651806</Translation>
</Transform>
<VisualProperties>
<Ambient r="1" g="1" b="1" a="1"/>
<Diffuse r="1" g="1" b="1" a="1"/>
<Specular r="0.69999998807907104" g="0.69999998807907104" b="0.69999998807907104" a="1"/>
<Emissive r="0.29999999999999999" g="0.29999999999999999" b="0.29999999999999999" a="1"/>
<Shininess>0.10000000149011612</Shininess>
</VisualProperties>
</Instance>
<Instance name="motor axle-1" uid="motor axle-1" entityUid="motor axle*:*Default">
<Transform>
<Rotation>-1.1655603721836083e-15 2.4988560644126233e-15 1 0.88471757582701671 0.46612746220617307 -1.3359368876484458e-16 -0.46612746220617324 0.88471757582701638 -2.754081577981804e-15</Rotation>
<Translation>0.42490439363880977 -0.51762491020118429 -0.20679669328651884</Translation>
</Transform>
</Instance>
<Instance name="upper leg cap-2" uid="upper leg cap-2" entityUid="upper leg cap*:*Default">
<Transform>
<Rotation>-1.8768640024172658e-15 6.0119936793030164e-16 1 0.45153764231231575 0.89225207064765921 3.1105336568447329e-16 -0.8922520706476591 0.45153764231231536 -1.946099937635762e-15</Rotation>
<Translation>0.30890439363880962 -0.51762491020118429 -0.20679669328651795</Translation>
</Transform>
</Instance>
<Instance name="hip-1" uid="hip-1" entityUid="hip*:*Default">
<Transform>
<Rotation>1 -7.8763990917634336e-16 3.8474658561996903e-15 -3.7589962685298485e-15 -0.47565684432975247 0.87963092626525008 1.1372410449541492e-15 -0.87963092626525008 -0.47565684432975247</Rotation>
<Translation>0.35040439363880155 -0.55924488408004747 -0.28376439933472675</Translation>
</Transform>
</Instance>
<Instance name="Lower joint cap-1" uid="Lower joint cap-1" entityUid="Lower joint cap*:*Default">
<Transform>
<Rotation>3.8474658561996832e-15 -7.8763990917635204e-16 -1 0.87963092626524797 -0.47565684432975608 3.7589962685298422e-15 -0.47565684432975602 -0.87963092626524808 -1.1372410449541539e-15</Rotation>
<Translation>0.39190439363864743 -0.51762491020108137 -0.20679669328659778</Translation>
</Transform>
</Instance>
<Instance name="motor body-1" uid="motor body-1" entityUid="motor body*:*Default">
<Transform>
<Rotation>-1.1901506324616924e-15 4.4896101220929008e-16 1.0000000000000002 -0.54694413860396962 0.8371691043312347 -1.026802200951626e-15 -0.8371691043312347 -0.54694413860396973 -7.5080074490763105e-16</Rotation>
<Translation>0.43540439363880962 -0.51762491020118462 -0.20679669328652173</Translation>
</Transform>
</Instance>
<Instance name="bearing-1" uid="bearing-1" entityUid="bearing*:*Default">
<Transform>
<Rotation>1 -3.2538470536872307e-16 -1.5032539301891289e-16 0 -0.42206714044312277 0.90656457517275923 -3.5842965595779098e-16 -0.90656457517275923 -0.42206714044312277</Rotation>
<Translation>0.31840859363880969 -0.51762491020118429 -0.20679669328651792</Translation>
</Transform>
</Instance>
<Instance name="Ball bearing filler small-2" uid="Ball bearing filler small-2" entityUid="Ball bearing filler small*:*Default">
<Transform>
<Rotation>1.8733450097530562e-15 -1.9017941506284828e-15 1 0.54694413860398927 -0.83716910433122205 -2.6167383783714711e-15 0.83716910433122171 0.54694413860398938 -5.281314004007306e-16</Rotation>
<Translation>0.37790439363880962 -0.51762491020118429 -0.20679669328651895</Translation>
</Transform>
</Instance>
<Instance name="upper leg cap-1" uid="upper leg cap-1" entityUid="upper leg cap*:*Default">
<Transform>
<Rotation>-1.3720160988193157e-15 6.3017743331554214e-16 0.99999999999999989 0.45153764231230847 0.89225207064766288 0 -0.89225207064766288 0.4515376423123082 -1.5087330376111854e-15</Rotation>
<Translation>0.32290439363880957 -0.51762491020118417 -0.20679669328651795</Translation>
</Transform>
</Instance>
<Instance name="motor body-2" uid="motor body-2" entityUid="motor body*:*Default">
<Transform>
<Rotation>1 2.1112155543842132e-14 -3.7817577517962834e-15 -1.3368692357106234e-14 0.47565684432975452 -0.87963092626524875 -1.6772085978246855e-14 0.87963092626524875 0.47565684432975452</Rotation>
<Translation>0.35040439363880294 -0.67325520246979198 -0.31590311898358564</Translation>
</Transform>
</Instance>
<Instance name="Ball bearing filler small-4" uid="Ball bearing filler small-4" entityUid="Ball bearing filler small*:*Default">
<Transform>
<Rotation>-0.49999999999998429 0.86602540378444759 3.7192471324942744e-15 0.41193091067351384 0.23782842216486719 0.87963092626524841 0.76178272810014869 0.43981546313261199 -0.47565684432975486</Rotation>
<Translation>0.3504043936388061 -0.63059310254592604 -0.33897247593357643</Translation>
</Transform>
</Instance>
<Instance name="Lower joint cap-2" uid="Lower joint cap-2" entityUid="Lower joint cap*:*Default">
<Transform>
<Rotation>1.2416167577186569e-15 -3.7258231262503427e-15 -0.99999999999999989 0.027884552459116863 -0.99961115026501912 3.758996268529839e-15 -0.99961115026501912 -0.027884552459116859 -1.1372410449541517e-15</Rotation>
<Translation>0.31390439363864742 -0.51762491020108059 -0.20679669328659828</Translation>
</Transform>
</Instance>
<Instance name="bearing-2" uid="bearing-2" entityUid="bearing*:*Default">
<Transform>
<Rotation>1 1.558479869499395e-15 1.3941007320872147e-15 1.1995008859912028e-15 0.11855636333230182 -0.99294732423901477 -1.7127679292149532e-15 0.99294732423901477 0.11855636333230182</Rotation>
<Translation>0.38240019363881067 -0.51762491020118329 -0.20679669328651845</Translation>
</Transform>
</Instance>
<Instance name="Ball bearing filler-1" uid="Ball bearing filler-1" entityUid="Ball bearing filler*:*Default">
<Transform>
<Rotation>2.6058490984810149e-15 1 2.9381832170740094e-15 0.85174637380612972 -3.7589962685298445e-15 0.52395430593526837 0.52395430593526815 1.1372410449541503e-15 -0.85174637380612972</Rotation>
<Translation>0.31390439363864703 -0.51762491020108048 -0.20679669328659794</Translation>
</Transform>
</Instance>
<Instance name="upper leg cap-8" uid="upper leg cap-8" entityUid="upper leg cap*:*Default">
<Transform>
<Rotation>1.4708891633264425e-15 -9.4422679188923623e-16 1 0.54694413860399138 -0.8371691043312206 -1.5949717040689803e-15 0.83716910433122027 0.54694413860399149 -7.1494365409582841e-16</Rotation>
<Translation>0.38690439363880985 -0.51762491020118429 -0.20679669328651731</Translation>
</Transform>
</Instance>
<Instance name="upper leg casin-7" uid="upper leg casin-7" entityUid="upper leg casin*:*Default">
<Transform>
<Rotation>-1.3186262670024853e-15 3.4669998801232216e-16 0.99999999999999989 -0.54694413860398861 0.83716910433122227 -1.0114614261821887e-15 -0.83716910433122216 -0.54694413860398861 -9.142876445966812e-16</Rotation>
<Translation>0.33290439363880964 -0.5176249102011844 -0.20679669328651806</Translation>
</Transform>
<VisualProperties>
<Ambient r="1" g="1" b="1" a="1"/>
<Diffuse r="1" g="1" b="1" a="1"/>
<Specular r="0.69999998807907104" g="0.69999998807907104" b="0.69999998807907104" a="1"/>
<Emissive r="0.29999999999999999" g="0.29999999999999999" b="0.29999999999999999" a="1"/>
<Shininess>0.10000000149011612</Shininess>
</VisualProperties>
</Instance>
<Instance name="beam filler-2" uid="beam filler-2" entityUid="beam filler*:*Default">
<Transform>
<Rotation>-0.91461435424413773 -4.21574159985589e-15 0.40432732162269069 0.19232105787935339 -0.87963092626524986 0.43504257751845948 0.35565881643331321 0.47565684432975258 0.80452307159926495</Rotation>
<Translation>0.32816639094962735 -0.60262221965983576 -0.41128499868689744</Translation>
</Transform>
</Instance>
<Instance name="Lower joint cap-4" uid="Lower joint cap-4" entityUid="Lower joint cap*:*Default">
<Transform>
<Rotation>-0.80746490909143787 -0.58991560462998083 3.858025010572419e-15 -0.28059739491917268 0.38407621056544688 0.87963092626524908 -0.51890800971899609 0.71027110591078568 -0.47565684432975375</Rotation>
<Translation>0.35040439363887393 -0.5663800449286156 -0.37369542556954938</Translation>
</Transform>
</Instance>
<Instance name="bearing-3" uid="bearing-3" entityUid="bearing*:*Default">
<Transform>
<Rotation>5.1844379483911819e-15 -0.96116987957252709 0.27595735649287167 0.87963092626524952 0.13126100535898458 0.45718703178227615 -0.47565684432975364 0.24274062510153194 0.84547475146664075</Rotation>
<Translation>0.35040439363889492 -0.6266310689278034 -0.34111492949172445</Translation>
</Transform>
</Instance>
<Instance name="motor axle-2" uid="motor axle-2" entityUid="motor axle*:*Default">
<Transform>
<Rotation>0.91019351562032691 0.41418324944728224 -4.3853809472693683e-15 -0.19700909740634132 0.43293977536936817 -0.87963092626524886 -0.36432839535486167 0.80063436522573228 0.47565684432975441</Rotation>
<Translation>0.35040439363892539 -0.66401907774391256 -0.3208975158489778</Translation>
</Transform>
</Instance>
<Instance name="Ball bearing filler-2" uid="Ball bearing filler-2" entityUid="Ball bearing filler*:*Default">
<Transform>
<Rotation>-1.2416167577186806e-15 1 3.7258231262503442e-15 -0.027884552459122469 -3.7589962685298493e-15 0.99961115026501912 0.9996111502650189 1.1372410449541543e-15 0.027884552459122247</Rotation>
<Translation>0.37790439363880063 -0.51762491020119406 -0.20679669328651873</Translation>
</Transform>
</Instance>
<Instance name="SEA system-4" uid="SEA system-4" entityUid="SEA system" rigid="true">
<Transform>
<Rotation>-0.9146143542441395 0.40432732162268697 4.3853809472693683e-15 0.19232105787935239 0.43504257751846181 0.87963092626524908 0.35565881643330943 0.80452307159926595 -0.47565684432975425</Rotation>
<Translation>0.35040439363887227 -0.59854993963550529 -0.35629968589988226</Translation>
</Transform>
<Instance name="spring holder-1" uid="spring holder-1" entityUid="spring holder*:*Default">
<Transform>
<Rotation>0.76073513419101346 0 -0.64906244353481168 -1.1934897514720433e-15 -1 -1.410322742062953e-15 -0.64906244353481168 1.8475314348600983e-15 -0.76073513419101346</Rotation>
<Translation>0.02349826351822315 -0.095009848077530115 7.2036914945311503e-05</Translation>
</Transform>
</Instance>
<Instance name="spring-1" uid="spring-1" entityUid="spring*:*Default">
<Transform>
<Rotation>-1 -3.8857805861880479e-16 0 -4.9960036108132044e-16 0.99999999999999967 -2.0677903833643541e-15 0 -2.0816681711721685e-15 -1</Rotation>
<Translation>0.023498263518223206 -0.093009848077530113 7.2036914945283748e-05</Translation>
</Transform>
</Instance>
<Instance name="spring base-1" uid="spring base-1" entityUid="spring base*:*Default">
<Transform>
<Rotation>6.106226635438362e-16 -4.9960036108132044e-16 -1 1 -9.8532293435482623e-16 6.1062266354383669e-16 -9.8532293435482663e-16 -1 4.9960036108131985e-16</Rotation>
<Translation>-0.012498263518223252 -0.055009848077530218 7.2036914945228236e-05</Translation>
</Transform>
</Instance>
<Instance name="spring base-2" uid="spring base-2" entityUid="spring base*:*Default">
<Transform>
<Rotation>0 4.8572257327350599e-16 1 0.99999999999999978 1.8457457784393227e-15 0 -1.8318679906315083e-15 1 -4.8572257327350599e-16</Rotation>
<Translation>0.012498263518223196 -0.055009848077530218 7.2036914945311503e-05</Translation>
</Transform>
</Instance>
<Instance name="spring connector-2" uid="spring connector-2" entityUid="spring connector*:*Default">
<Transform>
<Rotation>-4.3021142204224816e-16 0 0.99999999999999989 -1.8735013540549517e-15 0.99999999999999978 0 -1 -1.8735013540549517e-15 -4.3021142204224816e-16</Rotation>
<Translation>0.023498263518223261 -0.096009848077530088 7.2036914945311503e-05</Translation>
</Transform>
</Instance>
<Instance name="spring connector-1" uid="spring connector-1" entityUid="spring connector*:*Default">
<Transform>
<Rotation>5.0653925498522767e-16 3.8857805861880479e-16 -1 1.6792123247455493e-15 0.99999999999999978 2.7755575615628914e-16 1 -1.6792123247455493e-15 4.9960036108132044e-16</Rotation>
<Translation>-0.023498263518223317 -0.096009848077530033 7.2036914945339259e-05</Translation>
</Transform>
</Instance>
<Instance name="spring-2" uid="spring-2" entityUid="spring*:*Default">
<Transform>
<Rotation>-1 3.8857805861880479e-16 -6.9388939039072284e-16 3.3306690738754696e-16 0.99999999999999978 -2.4563684419831588e-15 7.0082828429463007e-16 -2.4702462297909733e-15 -0.99999999999999989</Rotation>
<Translation>-0.023498263518223317 -0.093009848077530086 7.2036914945311503e-05</Translation>
</Transform>
</Instance>
<Instance name="spring holder-2" uid="spring holder-2" entityUid="spring holder*:*Default">
<Transform>
<Rotation>0.45073332239401581 3.2385086765982452e-16 0.89265865373257447 -1.554312234475219e-15 1 4.220308045495286e-16 -0.89265865373257447 -1.577693613393947e-15 0.45073332239401581</Rotation>
<Translation>-0.023498263518223317 -0.096009848077530033 7.2036914945339259e-05</Translation>
</Transform>
</Instance>
<Instance name="Motor axis connector-1" uid="Motor axis connector-1" entityUid="Motor axis connector*:*Default">
<Transform>
<Rotation>1 0 0 0 1 0 0 0 1</Rotation>
<Translation>0 0 0</Translation>
</Transform>
</Instance>
</Instance>
<Instance name="upper leg cap-9" uid="upper leg cap-9" entityUid="upper leg cap*:*Default">
<Transform>
<Rotation>1 9.6488681273586891e-15 3.9034528209577468e-15 1.1559523442815928e-15 -0.47565684432975214 0.87963092626525019 1.0344146859086604e-14 -0.87963092626524986 -0.47565684432975225</Rotation>
<Translation>0.35040439363880904 -0.5663800449285612 -0.37369542556964636</Translation>
</Transform>
</Instance>
<Instance name="Lower joint casin-1" uid="Lower joint casin-1" entityUid="Lower joint casin*:*Default">
<Transform>
<Rotation>0.91461435424415249 0.40432732162265733 -4.4778618575861056e-15 -0.19232105787933851 0.43504257751846814 -0.87963092626524897 -0.35565881643328334 0.80452307159927716 0.47565684432975452</Rotation>
<Translation>0.35040439363887393 -0.61827826957825505 -0.34563167175409287</Translation>
</Transform>
</Instance>
<Instance name="Lower joint casin-2" uid="Lower joint casin-2" entityUid="Lower joint casin*:*Default">
<Transform>
<Rotation>-0.91461435424414139 0.40432732162268242 4.3286756386520954e-15 0.19232105787934956 0.43504257751846132 0.87963092626525008 0.35565881643330577 0.80452307159926828 -0.4756568443297528</Rotation>
<Translation>0.35040439363887299 -0.57869487789631946 -0.36703622974893707</Translation>
</Transform>
<VisualProperties>
<Ambient r="0.792156862745098" g="0.81960784313725488" b="0.93333333333333335" a="1"/>
<Diffuse r="0.792156862745098" g="0.81960784313725488" b="0.93333333333333335" a="1"/>
<Specular r="0.396078431372549" g="0.40980392156862744" b="0.46666666666666667" a="1"/>
<Emissive r="0" g="0" b="0" a="1"/>
<Shininess>0.40000000596046448</Shininess>
</VisualProperties>
</Instance>
<Instance name="Ball bearing filler small-1" uid="Ball bearing filler small-1" entityUid="Ball bearing filler small*:*Default">
<Transform>
<Rotation>-1.4307625726337105e-15 -5.2272302604906745e-16 -0.99999999999999989 0.45153764231231613 -0.89225207064765877 -1.7964245638823895e-16 -0.89225207064765888 -0.45153764231231608 1.5126299908021547e-15</Rotation>
<Translation>0.32290439363880957 -0.51762491020118417 -0.20679669328651801</Translation>
</Transform>
</Instance>
<Instance name="Lower joint cap-3" uid="Lower joint cap-3" entityUid="Lower joint cap*:*Default">
<Transform>
<Rotation>0.91461435424415194 0.4043273216226585 -3.9135361618036768e-15 -0.1923210578793387 0.43504257751846848 -0.87963092626524864 -0.35565881643328445 0.80452307159927661 0.47565684432975475</Rotation>
<Translation>0.35040439363887765 -0.63059310254597845 -0.33897247593347229</Translation>
</Transform>
</Instance>
<Instance name="upper leg cap-4" uid="upper leg cap-4" entityUid="upper leg cap*:*Default">
<Transform>
<Rotation>1 -2.5291526492751457e-16 -3.8974099769745807e-15 -3.307981471283335e-15 0.47565684432975192 -0.8796309262652503 2.0763018194618311e-15 0.87963092626524997 0.47565684432975208</Rotation>
<Translation>0.3504043936388011 -0.57429672326495829 -0.36941451397067726</Translation>
</Transform>
</Instance>
<Instance name="upper leg cap-7" uid="upper leg cap-7" entityUid="upper leg cap*:*Default">
<Transform>
<Rotation>-2.5171412644038021e-15 5.0711502651163573e-16 -1 -0.99848178091629824 0.055082966316435944 2.5412530924237107e-15 0.055082966316436222 0.99848178091629813 3.6769350731988927e-16</Rotation>
<Translation>0.37790439363880973 -0.51762491020118451 -0.20679669328651817</Translation>
</Transform>
</Instance>
<Instance name="upper leg casin-4" uid="upper leg casin-4" entityUid="upper leg casin*:*Default">
<Transform>
<Rotation>1 -5.2293253216821616e-15 -3.9085334937826202e-15 -9.5070255698975942e-16 0.47565684432975192 -0.8796309262652503 6.4589969840633886e-15 0.87963092626524997 0.47565684432975208</Rotation>
<Translation>0.35040439363880294 -0.5830930325276118 -0.36465794552737901</Translation>
</Transform>
</Instance>
<Instance name="Ball bearing filler small-3" uid="Ball bearing filler small-3" entityUid="Ball bearing filler small*:*Default">
<Transform>
<Rotation>-1 -6.5918439797582563e-15 3.9000132229351797e-15 2.9511653801131142e-16 0.47565684432975192 0.8796309262652503 -7.6534578081764201e-15 0.87963092626524997 -0.47565684432975208</Rotation>
<Translation>0.35040439363880327 -0.57429672326496117 -0.36941451397067671</Translation>
</Transform>
</Instance>
<Instance name="upper leg cap-3" uid="upper leg cap-3" entityUid="upper leg cap*:*Default">
<Transform>
<Rotation>0.99999999999999989 -1.4874885524980749e-14 3.9188934868977826e-15 -1.0522521016393435e-14 -0.47565684432975447 0.87963092626524908 -1.1220360823186127e-14 -0.87963092626524875 -0.47565684432975464</Rotation>
<Translation>0.35040439363880055 -0.62267642420954672 -0.34325338753254464</Translation>
</Transform>
</Instance>
<Instance name="upper leg casin-3" uid="upper leg casin-3" entityUid="upper leg casin*:*Default">
<Transform>
<Rotation>-1 1.3134447696102611e-14 3.9168547952387106e-15 9.6928765547246872e-15 0.4756568443297543 0.87963092626524919 9.6903876013040917e-15 0.87963092626524886 -0.47565684432975441</Rotation>
<Translation>0.3504043936388001 -0.61388011494689232 -0.34800995597584217</Translation>
</Transform>
</Instance>
<Instance name="bearing-4" uid="bearing-4" entityUid="bearing*:*Default">
<Transform>
<Rotation>-4.2765270491518213e-15 0.80733334351448272 -0.5900956468655959 -0.87963092626524997 0.28068303324081034 0.38401363049828913 0.47565684432975247 0.51906638043747766 0.71015537676046447</Rotation>
<Translation>0.35040439363888753 -0.57034207854661079 -0.37155297201134274</Translation>
</Transform>
</Instance>
<Instance name="Ball bearing filler-3" uid="Ball bearing filler-3" entityUid="Ball bearing filler*:*Default">
<Transform>
<Rotation>-0.91461435424414061 -4.570926231562142e-15 0.40432732162268437 0.19232105787935028 -0.87963092626525063 0.43504257751845998 0.3556588164333076 0.47565684432975186 0.80452307159926806</Rotation>
<Translation>0.35040439363887366 -0.56638004492861471 -0.37369542556955071</Translation>
</Transform>
</Instance>
<Instance name="Ball bearing filler-4" uid="Ball bearing filler-4" entityUid="Ball bearing filler*:*Default">
<Transform>
<Rotation>0.10714944515272923 -5.0399617274383064e-15 -0.99424292625266508 -0.47291845279852351 -0.87963092626524908 -0.050966366953026837 -0.8745668261523033 0.47565684432975402 -0.094251965688505107</Rotation>
<Translation>0.35040439363887321 -0.6226764242095818 -0.34325338753244428</Translation>
</Transform>
</Instance>
<Instance name="upper leg cap-10" uid="upper leg cap-10" entityUid="upper leg cap*:*Default">
<Transform>
<Rotation>-0.49999999999997996 0.86602540378445025 4.0684671172555807e-15 0.41193091067351517 0.23782842216486483 0.87963092626524886 0.7617827281001508 0.43981546313260833 -0.47565684432975502</Rotation>
<Translation>0.35040439363880521 -0.63499125717725136 -0.33659419171192956</Translation>
</Transform>
</Instance>
<Instance name="beam filler-1" uid="beam filler-1" entityUid="beam filler*:*Default">
<Transform>
<Rotation>-0.9146143542441445 -3.8620321288566453e-15 0.40432732162267521 0.19232105787934564 -0.87963092626524997 0.43504257751846259 0.35565881643329983 0.4756568443297523 0.80452307159927106</Rotation>
<Translation>0.32816639094962907 -0.63340930207911728 -0.39463700913535554</Translation>
</Transform>
</Instance>
<Instance name="bearing-5" uid="bearing-5" entityUid="bearing*:*Default">
<Transform>
<Rotation>3.5547666134646477e-15 -0.9480490259155917 -0.31812425946553924 0.87963092626524964 -0.15131798136211513 0.45094600793690798 -0.47565684432975353 -0.27983193702112041 0.83393324281099879</Rotation>
<Translation>0.26953892931421813 -0.71363958443151754 -0.50201954381163327</Translation>
</Transform>
<VisualProperties>
<Ambient r="0.792156862745098" g="0.81960784313725488" b="0.93333333333333335" a="1"/>
<Diffuse r="0.792156862745098" g="0.81960784313725488" b="0.93333333333333335" a="1"/>
<Specular r="0.396078431372549" g="0.40980392156862744" b="0.46666666666666667" a="1"/>
<Emissive r="0" g="0" b="0" a="1"/>
<Shininess>0.40000000596046448</Shininess>
</VisualProperties>
</Instance>
<Instance name="Lower joint casin-5" uid="Lower joint casin-5" entityUid="Lower joint casin*:*Default">
<Transform>
<Rotation>0.41747023422503809 -0.9086905983535275 -3.0808688933348094e-15 0.43222490248495221 0.19857257421308669 -0.87963092626524997 0.79931235271823819 0.36721972881953985 0.47565684432975236</Rotation>
<Translation>0.26953892931422258 -0.66130523876861358 -0.53031912829050998</Translation>
</Transform>
<VisualProperties>
<Ambient r="1" g="1" b="1" a="1"/>
<Diffuse r="1" g="1" b="1" a="1"/>
<Specular r="0.69999998807907104" g="0.69999998807907104" b="0.69999998807907104" a="1"/>
<Emissive r="0.29999999999999999" g="0.29999999999999999" b="0.29999999999999999" a="1"/>
<Shininess>0.10000000149011612</Shininess>
</VisualProperties>
</Instance>
<Instance name="Ball bearing filler-6" uid="Ball bearing filler-6" entityUid="Ball bearing filler*:*Default">
<Transform>
<Rotation>-0.99568425946675565 -3.0634329098114725e-15 -0.092805471014043198 -0.044143557479073371 -0.87963092626525019 0.47360403280676322 -0.081634562430567104 0.47565684432975197 0.87583466742247185</Rotation>
<Translation>0.26953892931419865 -0.65338856043226723 -0.5346000398894728</Translation>
</Transform>
</Instance>
<Instance name="motor axle-3" uid="motor axle-3" entityUid="motor axle*:*Default">
<Transform>
<Rotation>-0.42726140781471067 -0.90412813770626088 3.6359804056473877e-15 -0.4300547368510943 0.20322981294503545 0.8796309262652503 -0.79529907123303478 0.37583234791344716 -0.47565684432975214</Rotation>
<Translation>0.2695389293141956 -0.75102759324770285 -0.48180213016887175</Translation>
</Transform>
</Instance>
<Instance name="Lower joint cap-6" uid="Lower joint cap-6" entityUid="Lower joint cap*:*Default">
<Transform>
<Rotation>0.57821402524172294 -0.81588512733948282 3.6082248300317588e-15 -0.38808134500587838 -0.275031458593679 0.87963092626524997 -0.71767779028766987 -0.50861493860293672 -0.47565684432975225</Rotation>
<Translation>0.2695389293142017 -0.65338856043226712 -0.53460003988947191</Translation>
</Transform>
</Instance>
<Instance name="motor body-3" uid="motor body-3" entityUid="motor body*:*Default">
<Transform>
<Rotation>0.9146143542441455 0.40432732162267337 -4.3021142204224816e-15 -0.19232105787934536 0.43504257751846359 -0.87963092626524964 -0.35565881643329778 0.80452307159927172 0.47565684432975303</Rotation>
<Translation>0.26953892931439849 -0.76026371797338499 -0.47680773330336623</Translation>
</Transform>
</Instance>
<Instance name="Ball bearing filler small-5" uid="Ball bearing filler small-5" entityUid="Ball bearing filler small*:*Default">
<Transform>
<Rotation>-0.91461435424414017 0.40432732162268509 4.1552032910544171e-15 0.192321057879351 0.43504257751846148 0.87963092626524952 0.35565881643330804 0.80452307159926673 -0.47565684432975353</Rotation>
<Translation>0.2695389293143361 -0.6613052387686883 -0.53031912829043992</Translation>
</Transform>
</Instance>
<Instance name="Ball bearing filler small-6" uid="Ball bearing filler small-6" entityUid="Ball bearing filler small*:*Default">
<Transform>
<Rotation>-0.1071494451526965 -0.99424292625266852 -4.1881630370979756e-15 0.47291845279852429 -0.050966366953011925 -0.87963092626524975 0.87456682615230674 -0.094251965688475922 0.47565684432975336</Rotation>
<Translation>0.26953892931433682 -0.70968493971326463 -0.50415800185230686</Translation>
</Transform>
<VisualProperties>
<Ambient r="1" g="1" b="1" a="1"/>
<Diffuse r="1" g="1" b="1" a="1"/>
<Specular r="0.69999998807907104" g="0.69999998807907104" b="0.69999998807907104" a="1"/>
<Emissive r="0.29999999999999999" g="0.29999999999999999" b="0.29999999999999999" a="1"/>
<Shininess>0.10000000149011612</Shininess>
</VisualProperties>
</Instance>
<Instance name="upperleg-1" uid="upperleg-1" entityUid="upperleg*:*Default">
<Transform>
<Rotation>0.91461435424413962 0.40432732162268664 -3.9412917374193057e-15 -0.19232105787935172 0.43504257751846159 -0.8796309262652493 -0.35565881643330949 0.80452307159926617 0.47565684432975375</Rotation>
<Translation>0.30997166147660454 -0.64199083148913183 -0.43678625791144676</Translation>
</Transform>
</Instance>
<Instance name="Lower joint cap-5" uid="Lower joint cap-5" entityUid="Lower joint cap*:*Default">
<Transform>
<Rotation>0.99568425946675587 -0.092805471014041324 -4.0164254129762701e-15 0.044143557479071713 0.473604032806764 -0.87963092626524997 0.081634562430565868 0.8758346674224714 0.47565684432975275</Rotation>
<Translation>0.26953892931420109 -0.7176016180496132 -0.4998770902534056</Translation>
</Transform>
</Instance>
<Instance name="upper leg cap-12" uid="upper leg cap-12" entityUid="upper leg cap*:*Default">
<Transform>
<Rotation>-0.10714944515270373 0.99424292625266775 4.5403119027212683e-15 0.47291845279852407 0.050966366953015055 0.87963092626524964 0.87456682615230585 0.094251965688482459 -0.47565684432975341</Rotation>
<Translation>0.26953892931433648 -0.66570339340001505 -0.52794084406879094</Translation>
</Transform>
</Instance>
<Instance name="Ball bearing filler-5" uid="Ball bearing filler-5" entityUid="Ball bearing filler*:*Default">
<Transform>
<Rotation>0.99568425946675587 -3.5026575015960274e-15 0.092805471014040672 0.044143557479071865 -0.87963092626524975 -0.47360403280676416 0.08163456243056505 0.4756568443297528 -0.87583466742247162</Rotation>
<Translation>0.26953892931421847 -0.70968493971320967 -0.50415800185237303</Translation>
</Transform>
</Instance>
<Instance name="beam filler-4" uid="beam filler-4" entityUid="beam filler*:*Default">
<Transform>
<Rotation>-0.41747023422503249 -3.3529062485998876e-15 -0.90869059835353017 -0.43222490248495393 -0.87963092626524964 0.19857257421308447 -0.79931235271824042 0.47565684432975291 0.36721972881953463</Rotation>
<Translation>0.31951691222366202 -0.70741196740095758 -0.53148993960239055</Translation>
</Transform>
</Instance>
<Instance name="upper leg cap-11" uid="upper leg cap-11" entityUid="upper leg cap*:*Default">
<Transform>
<Rotation>0.91461435424413728 0.40432732162269153 -3.9678531556489211e-15 -0.1923210578793538 0.43504257751846009 -0.87963092626524975 -0.35565881643331376 0.80452307159926451 0.4756568443297533</Rotation>
<Translation>0.2695389293143351 -0.70528678508193665 -0.50653628607395684</Translation>
</Transform>
</Instance>
<Instance name="beam filler-3" uid="beam filler-3" entityUid="beam filler*:*Default">
<Transform>
<Rotation>-0.41747023422502227 -3.3764164603401832e-15 -0.90869059835353483 -0.43222490248495549 -0.8796309262652503 0.19857257421307925 -0.79931235271824475 0.47565684432975236 0.36721972881952569</Rotation>
<Translation>0.31951691222366935 -0.67662488498167406 -0.54813792915392867</Translation>
</Transform>
</Instance>
<Instance name="Lower joint casin-7" uid="Lower joint casin-7" entityUid="Lower joint casin*:*Default">
<Transform>
<Rotation>-3.8474658561996872e-15 7.8763990917632561e-16 -0.99999999999999978 -0.8796309262652513 0.47565684432974986 3.7589962685298414e-15 0.47565684432974992 0.8796309262652513 -1.1372410449541525e-15</Rotation>
<Translation>0.37790439363880107 -0.51762491020119417 -0.20679669328651862</Translation>
</Transform>
</Instance>
<Instance name="Lower joint casin-3" uid="Lower joint casin-3" entityUid="Lower joint casin*:*Default">
<Transform>
<Rotation>0.41747023422504231 -0.9086905983535255 -3.3676388329609451e-15 0.43222490248495149 0.19857257421308908 -0.87963092626524975 0.7993123527182362 0.36721972881954329 0.4756568443297528</Rotation>
<Translation>0.26953892931421825 -0.70528678508188181 -0.50653628607402235</Translation>
</Transform>
</Instance>
<Instance name="beam filler-5" uid="beam filler-5" entityUid="beam filler*:*Default">
<Transform>
<Rotation>3.8474658561996888e-15 -1 7.8763990917632896e-16 0.87963092626525174 3.7589962685298453e-15 0.47565684432974903 -0.47565684432974903 -1.1372410449541472e-15 0.87963092626525174</Rotation>
<Translation>0.37290439363880129 -0.54378603663932989 -0.25517639423110738</Translation>
</Transform>
</Instance>
<Instance name="upper leg cap-5" uid="upper leg cap-5" entityUid="upper leg cap*:*Default">
<Transform>
<Rotation>-0.10714944515269861 0.9942429262526683 4.5802105426687348e-15 0.47291845279852457 0.050966366953012612 0.87963092626524952 0.8745668261523063 0.094251965688477948 -0.47565684432975364</Rotation>
<Translation>0.26953892931439222 -0.7219997726808457 -0.49749880603171359</Translation>
</Transform>
</Instance>
<Instance name="bearing-6" uid="bearing-6" entityUid="bearing*:*Default">
<Transform>
<Rotation>2.1909939027226653e-15 -0.37192578921871705 -0.92826246682392277 0.87963092626524975 -0.44153439567921826 0.1769090472246295 -0.47565684432975275 -0.8165283735095934 0.32715742647239315</Rotation>
<Translation>0.26953892931421408 -0.65735059405032337 -0.53245758633124618</Translation>
</Transform>
</Instance>
<Instance name="upper leg casin-5" uid="upper leg casin-5" entityUid="upper leg casin*:*Default">
<Transform>
<Rotation>-0.9146143542441395 0.40432732162268709 4.3853809472693683e-15 0.19232105787935244 0.4350425775184617 0.87963092626524919 0.35565881643330965 0.80452307159926595 -0.47565684432975419</Rotation>
<Translation>0.26953892931433548 -0.70088863045061478 -0.50891457029560394</Translation>
</Transform>
</Instance>
<Instance name="upper leg cap-6" uid="upper leg cap-6" entityUid="upper leg cap*:*Default">
<Transform>
<Rotation>0.10714944515269763 0.99424292625266841 -4.7744995719781356e-15 -0.47291845279852396 0.050966366953011905 -0.87963092626524986 -0.87456682615230674 0.094251965688477227 0.47565684432975303</Rotation>
<Translation>0.26953892931438794 -0.64899040580083778 -0.53697832411108171</Translation>
</Transform>
</Instance>
<Instance name="upper leg casin-6" uid="upper leg casin-6" entityUid="upper leg casin*:*Default">
<Transform>
<Rotation>0.91461435424413862 0.4043273216226887 -4.1355807667287081e-15 -0.19232105787935283 0.43504257751846082 -0.87963092626524908 -0.35565881643331132 0.80452307159926528 0.47565684432975347</Rotation>
<Translation>0.26953892931433671 -0.67010154803134003 -0.52556255984714229</Translation>
</Transform>
</Instance>
<Instance name="SEA system-1" uid="SEA system-1" entityUid="SEA system" rigid="true">
<Transform>
<Rotation>-0.4174702342250185 -0.9086905983535366 3.5804692544161298e-15 -0.43222490248495682 0.19857257421307795 0.87963092626524997 -0.79931235271824608 0.36721972881952225 -0.47565684432975291</Rotation>
<Translation>0.2695389293142233 -0.68555845513914471 -0.51720430021979635</Translation>
</Transform>
<Instance name="spring holder-1" uid="spring holder-1" entityUid="spring holder*:*Default">
<Transform>
<Rotation>0.76073513419101346 0 -0.64906244353481179 -1.2767564783189296e-15 -1 -1.4876618093712598e-15 -0.64906244353481179 1.9604112857994766e-15 -0.76073513419101346</Rotation>
<Translation>0.023498263518223206 -0.095009848077530101 7.2036914945255992e-05</Translation>
</Transform>
</Instance>
<Instance name="spring-1" uid="spring-1" entityUid="spring*:*Default">
<Transform>
<Rotation>-1 -3.3306690738754676e-16 0 -3.3306690738754686e-16 1 -2.0747292772682613e-15 0 -2.0747292772682613e-15 -1</Rotation>
<Translation>0.023498263518223261 -0.0930098480775301 7.2036914945255992e-05</Translation>
</Transform>
</Instance>
<Instance name="spring base-1" uid="spring base-1" entityUid="spring base*:*Default">
<Transform>
<Rotation>4.9960036108132044e-16 -4.9960036108132025e-16 -1 1 -9.8532293435482623e-16 4.9960036108132094e-16 -9.8532293435482643e-16 -1 4.9960036108131975e-16</Rotation>
<Translation>-0.012498263518223252 -0.055009848077530232 7.2036914945228236e-05</Translation>
</Transform>
</Instance>
<Instance name="spring base-2" uid="spring base-2" entityUid="spring base*:*Default">
<Transform>
<Rotation>0 5.134781488891346e-16 1 1 1.8388068845354151e-15 0 -1.8388068845354151e-15 1 -5.134781488891346e-16</Rotation>
<Translation>0.012498263518223252 -0.055009848077530177 7.2036914945283748e-05</Translation>
</Transform>
</Instance>
<Instance name="spring connector-2" uid="spring connector-2" entityUid="spring connector*:*Default">
<Transform>
<Rotation>-4.4408920985006252e-16 0 1 -1.8804402479588585e-15 1 0 -1 -1.8804402479588585e-15 -4.4408920985006262e-16</Rotation>
<Translation>0.023498263518223261 -0.096009848077530102 7.2036914945283748e-05</Translation>
</Transform>
</Instance>
<Instance name="spring connector-1" uid="spring connector-1" entityUid="spring connector*:*Default">
<Transform>
<Rotation>5.134781488891349e-16 2.7755575615628914e-16 -1 1.6653345369377348e-15 1.0000000000000002 3.3306690738754696e-16 1.0000000000000002 -1.6653345369377348e-15 5.134781488891349e-16</Rotation>
<Translation>-0.023498263518223317 -0.096009848077530102 7.2036914945311503e-05</Translation>
</Transform>
</Instance>
<Instance name="spring-2" uid="spring-2" entityUid="spring*:*Default">
<Transform>
<Rotation>-1 4.9960036108131867e-16 -6.9388939039072392e-16 4.9960036108132034e-16 1 -2.4702462297909725e-15 6.9388939039072264e-16 -2.4702462297909729e-15 -1</Rotation>
<Translation>-0.023498263518223261 -0.0930098480775301 7.2036914945311503e-05</Translation>
</Transform>
</Instance>
<Instance name="spring holder-2" uid="spring holder-2" entityUid="spring holder*:*Default">
<Transform>
<Rotation>0.45073332239401565 2.3248593133637297e-16 0.89265865373257447 -1.6098233857064766e-15 1 5.5241173063048477e-16 -0.89265865373257447 -1.6860131509084648e-15 0.45073332239401565</Rotation>
<Translation>-0.023498263518223317 -0.096009848077530102 7.2036914945311503e-05</Translation>
</Transform>
</Instance>
<Instance name="Motor axis connector-1" uid="Motor axis connector-1" entityUid="Motor axis connector*:*Default">
<Transform>
<Rotation>1 0 0 0 1 0 0 0 1</Rotation>
<Translation>0 0 0</Translation>
</Transform>
</Instance>
</Instance>
<Instance name="upper leg cap-15" uid="upper leg cap-15" entityUid="upper leg cap*:*Default">
<Transform>
<Rotation>1 1.1102485854434482e-14 3.8928042550405968e-15 1.8567423731053476e-15 -0.47565684432975192 0.8796309262652503 1.1617728903529082e-14 -0.87963092626524997 -0.47565684432975208</Rotation>
<Translation>0.35040439363880133 -0.5830930325276108 -0.36465794552737968</Translation>
</Transform>
</Instance>
<Instance name="upper leg cap-13" uid="upper leg cap-13" entityUid="upper leg cap*:*Default">
<Transform>
<Rotation>1.3186262670024853e-15 3.4669998801232581e-16 -0.99999999999999978 0.54694413860398494 0.83716910433122449 1.0114614261821878e-15 0.83716910433122449 -0.54694413860398505 9.1428764459668337e-16</Rotation>
<Translation>0.33290439363880958 -0.51762491020118417 -0.20679669328651806</Translation>
</Transform>
</Instance>
<Instance name="upper leg cap-17" uid="upper leg cap-17" entityUid="upper leg cap*:*Default">
<Transform>
<Rotation>-0.10714944515270183 0.99424292625266797 4.1563974484404298e-15 0.47291845279852396 0.050966366953014479 0.87963092626524964 0.87456682615230641 0.094251965688480627 -0.47565684432975319</Rotation>
<Translation>0.26953892931433565 -0.70528678508193643 -0.50653628607395706</Translation>
</Transform>
</Instance>
<Instance name="upper leg cap-18" uid="upper leg cap-18" entityUid="upper leg cap*:*Default">
<Transform>
<Rotation>0.91461435424414239 -0.40432732162268026 3.9690473130349346e-15 -0.19232105787934872 -0.43504257751846293 0.87963092626524897 -0.35565881643330383 -0.80452307159926839 -0.47565684432975375</Rotation>
<Translation>0.26953892931433932 -0.67010154803134048 -0.52556255984714095</Translation>
</Transform>
</Instance>
<Instance name="beam filler-6" uid="beam filler-6" entityUid="beam filler*:*Default">
<Transform>
<Rotation>-3.8474658561996872e-15 1 7.8763990917633093e-16 -0.87963092626525186 -3.7589962685298445e-15 0.47565684432974886 0.47565684432974886 1.1372410449541434e-15 0.87963092626525186</Rotation>
<Translation>0.32790439363880036 -0.54378603663932989 -0.25517639423110783</Translation>
</Transform>
</Instance>
<Instance name="Lower joint casin-6" uid="Lower joint casin-6" entityUid="Lower joint casin*:*Default">
<Transform>
<Rotation>3.8474658561996872e-15 7.8763990917633212e-16 1.0000000000000002 0.87963092626525097 0.47565684432975097 -3.7589962685298437e-15 -0.47565684432975103 0.87963092626525075 1.1372410449541511e-15</Rotation>
<Translation>0.32290439363879997 -0.51762491020119372 -0.20679669328651901</Translation>
</Transform>
</Instance>
<Instance name="SEA system-5" uid="SEA system-5" entityUid="SEA system" rigid="true">
<Transform>
<Rotation>-1.5082984191007993e-15 2.5228189745807311e-15 1 0.87963092626525041 0.47565684432975175 1.2674982321375836e-16 -0.47565684432975169 0.87963092626525041 -2.936582057747037e-15</Rotation>
<Translation>0.3503323567238662 -0.51762491020118595 -0.20679669328651779</Translation>
</Transform>
<Instance name="spring holder-1" uid="spring holder-1" entityUid="spring holder*:*Default">
<Transform>
<Rotation>0.76073513419101357 0 -0.64906244353481146 -1.2073675392798575e-15 -0.99999999999999989 -1.4529159338074085e-15 -0.64906244353481157 1.8889411231628377e-15 -0.76073513419101346</Rotation>
<Translation>0.023498263518223206 -0.095009848077530087 7.2036914945311503e-05</Translation>
</Transform>
</Instance>
<Instance name="spring-1" uid="spring-1" entityUid="spring*:*Default">
<Transform>
<Rotation>-1 -4.5796699765787668e-16 0 -4.5796699765787678e-16 0.99999999999999989 -2.0747292772682609e-15 0 -2.0747292772682609e-15 -0.99999999999999989</Rotation>
<Translation>0.023498263518223206 -0.093009848077530113 7.2036914945311503e-05</Translation>
</Transform>
</Instance>
<Instance name="spring base-1" uid="spring base-1" entityUid="spring base*:*Default">
<Transform>
