<?xml version="1.0" encoding="UTF-8" standalone="no" ?>
<SimscapeMultibodyImportXML version="2.0" xmlns="urn:mathworks:SimscapeMultibody:import" xmlns:xsi="http://www.w3.org/2001/XMLSchema-instance">
<Created by="" on="06/05/19||17:48:05" using="Simscape Multibody Link Version 5.1" from="SolidWorks 25.4.0"/>
<ModelUnits mass="kilogram" length="millimeter"/>
<DataUnits mass="kilogram" length="meter"/>
<RootAssembly name="robot" uid="robot" version="296">
<AssemblyFile name="robot.SLDASM" type="SolidWorks Assembly"/>
<InstanceTree>
<Instance name="body-1" uid="body-1" grounded="true" entityUid="body*:*Default">
<Transform>
<Rotation>-3.4914813388431334e-15 1 -3.4914813388431334e-15 0 -3.4914813388431334e-15 -1 -1 -3.4914813388431334e-15 0</Rotation>
<Translation>0 0 0</Translation>
</Transform>
</Instance>
<Instance name="Leg_model_left-1" uid="Leg_model_left-1" entityUid="Leg_model_left">
<Transform>
<Rotation>0.076660687921048534 -0.97023528357287014 0.22970988972559245 0.94751697211240249 -0.00082656231265731018 -0.31970440152379487 0.31037836020962567 0.24216277852926849 0.91925103329208613</Rotation>
<Translation>-0.19213779331079822 0.27273018529770809 -0.10149043625787951</Translation>
</Transform>
<Instance name="upper leg cap-15" uid="upper leg cap-15" entityUid="upper leg cap*:*Default">
<Transform>
<Rotation>0.94751697211240549 -0.30957168649163541 -0.079855860659462125 -0.00082656231265844469 -0.25215067755609438 0.96768763172975691 -0.31970440152378599 -0.91683444892233767 -0.23917292680316216</Rotation>
<Translation>0.0075664036197744811 -0.0043677820424007641 -0.070680630304041037</Translation>
</Transform>
</Instance>
<Instance name="upper leg cap-17" uid="upper leg cap-17" entityUid="upper leg cap*:*Default">
<Transform>
<Rotation>0.58064441837174008 0.81023151070054045 -0.079855860659463151 0.24018670686544474 -0.076752806088032782 0.96768763172975691 0.77792185035444028 -0.58106273828695365 -0.23917292680316191</Rotation>
<Translation>-0.2207713478714311 -0.086331290933547425 -0.15882173566463548</Translation>
</Transform>
</Instance>
<Instance name="upper leg cap-13" uid="upper leg cap-13" entityUid="upper leg cap*:*Default">
<Transform>
<Rotation>-0.079855860659462985 -0.30957168649164341 -0.94751697211240271 0.96768763172975658 -0.2521506775560956 0.00082656231266008129 -0.2391729268031631 -0.9168344489223349 0.31970440152379381</Rotation>
<Translation>0.03572237027817679 0.0140132441006523 0.067456545790806705</Translation>
</Transform>
</Instance>
<Instance name="Lower joint cap-6" uid="Lower joint cap-6" entityUid="Lower joint cap*:*Default">
<Transform>
<Rotation>-0.11287246291033889 -0.99039529917851021 -0.079855860659462333 -0.24717424151746784 -0.049855207626874419 0.96768763172975691 -0.96237451205173685 0.12896359811043789 -0.23917292680316227</Rotation>
<Translation>-0.2254828436503537 -0.029237720661488192 -0.17293293834602075</Translation>
</Transform>
</Instance>
<Instance name="Ball bearing filler small-5" uid="Ball bearing filler small-5" entityUid="Ball bearing filler small*:*Default">
<Transform>
<Rotation>-0.41135886202747241 0.90796857222582272 -0.079855860659461472 0.18656323331669455 0.16963138675278988 0.96768763172975703 0.89217601772625754 0.38316871542249592 -0.23917292680316191</Rotation>
<Translation>-0.22476414090439201 -0.037946909347059424 -0.17078038200479406</Translation>
</Transform>
<VisualProperties>
<Ambient r="1" g="1" b="1" a="1"/>
<Diffuse r="1" g="1" b="1" a="1"/>
<Specular r="0.69999998807907104" g="0.69999998807907104" b="0.69999998807907104" a="1"/>
<Emissive r="0.29999999999999999" g="0.29999999999999999" b="0.29999999999999999" a="1"/>
<Shininess>0.10000000149011612</Shininess>
</VisualProperties>
</Instance>
<Instance name="motor axle-3" uid="motor axle-3" entityUid="motor axle*:*Default">
<Transform>
<Rotation>0.91838354870185324 -0.38754960842726627 0.079855860659462014 0.1647102991261383 0.19092188129973764 -0.96768763172975758 0.35978073160686197 0.90186148395906196 0.23917292680315982</Rotation>
<Translation>-0.22851736635540382 0.0075344093442417659 -0.18202150956454011</Translation>
</Transform>
</Instance>
<Instance name="bearing-5" uid="bearing-5" entityUid="bearing*:*Default">
<Transform>
<Rotation>-0.079855860659461125 -0.99633571474708404 -0.030629806361674672 0.96768763172975736 -0.084859333985681407 0.23744376351624846 -0.23917292680316113 -0.010678808684658425 0.9709182633617961</Rotation>
<Translation>-0.22001238180055438 -0.095528387723034763 -0.15654858833371316</Translation>
</Transform>
<VisualProperties>
<Ambient r="0.792156862745098" g="0.81960784313725488" b="0.93333333333333335" a="1"/>
<Diffuse r="0.792156862745098" g="0.81960784313725488" b="0.93333333333333335" a="1"/>
<Specular r="0.396078431372549" g="0.40980392156862744" b="0.46666666666666667" a="1"/>
<Emissive r="0" g="0" b="0" a="1"/>
<Shininess>0.40000000596046448</Shininess>
</VisualProperties>
</Instance>
<Instance name="bearing-6" uid="bearing-6" entityUid="bearing*:*Default">
<Transform>
<Rotation>-0.079855860659461389 0.78300011693417937 0.61687426465966155 0.96768763172975714 0.20938158904194965 -0.14049910166090729 -0.23917292680316166 0.58572191955853026 -0.77441987579934946</Rotation>
<Translation>-0.22512382767197342 -0.033588250716221985 -0.17185766470170089</Translation>
</Transform>
</Instance>
<Instance name="upper leg cap-6" uid="upper leg cap-6" entityUid="upper leg cap*:*Default">
<Transform>
<Rotation>-0.58064441837170455 0.81023151070056598 0.07985586065946175 -0.24018670686544671 -0.07675280608802286 -0.96768763172975736 -0.77792185035446626 -0.58106273828691923 0.23917292680316118</Rotation>
<Translation>-0.22588212295361937 -0.024399282502842373 -0.1741288029800383</Translation>
</Transform>
</Instance>
<Instance name="upper leg cap-11" uid="upper leg cap-11" entityUid="upper leg cap*:*Default">
<Transform>
<Rotation>0.41135886202744748 0.90796857222583427 0.079855860659461472 -0.1865632333166988 0.16963138675278458 -0.96768763172975714 -0.89217601772626831 0.38316871542247161 0.23917292680316149</Rotation>
<Translation>-0.22077134787142727 -0.086331290933547106 -0.15882173566463548</Translation>
</Transform>
</Instance>
<Instance name="Lower joint casin-3" uid="Lower joint casin-3" entityUid="Lower joint casin*:*Default">
<Transform>
<Rotation>0.91414372033243796 -0.39744722932120957 0.079855860659461333 0.16676299707455877 0.18913156850183532 -0.96768763172975725 0.36950150389880704 0.89792257444666657 0.23917292680316143</Rotation>
<Translation>-0.22077134787143693 -0.086331290933541333 -0.15882173566463348</Translation>
</Transform>
</Instance>
<Instance name="motor body-3" uid="motor body-3" entityUid="motor body*:*Default">
<Transform>
<Rotation>-0.4113588620274447 0.90796857222583571 -0.079855860659460765 0.1865632333166993 0.16963138675278333 0.96768763172975747 0.8921760177262692 0.38316871542246922 -0.23917292680316124</Rotation>
<Translation>-0.22935585289232102 0.017695129477401428 -0.1845328252959757</Translation>
</Transform>
</Instance>
<Instance name="upper leg cap-5" uid="upper leg cap-5" entityUid="upper leg cap*:*Default">
<Transform>
<Rotation>0.58064441837173286 0.81023151070054567 -0.07985586065946329 0.24018670686544541 -0.076752806088030479 0.96768763172975691 0.77792185035444561 -0.58106273828694677 -0.23917292680316182</Rotation>
<Translation>-0.21925408651889958 -0.10471735593641184 -0.15427745005537508</Translation>
</Transform>
</Instance>
<Instance name="upper leg casin-6" uid="upper leg casin-6" entityUid="upper leg casin*:*Default">
<Transform>
<Rotation>0.41135886202746375 0.90796857222582683 0.079855860659461084 -0.18656323331669597 0.16963138675278763 -0.96768763172975703 -0.89217601772626132 0.3831687154224877 0.23917292680316157</Rotation>
<Translation>-0.22396558229779873 -0.047623785664357779 -0.16838865273676262</Translation>
</Transform>
</Instance>
<Instance name="upper leg casin-5" uid="upper leg casin-5" entityUid="upper leg casin*:*Default">
<Transform>
<Rotation>-0.4113588620274502 0.90796857222583305 -0.079855860659462291 0.18656323331669852 0.16963138675278616 0.96768763172975714 0.89217601772626698 0.38316871542247422 -0.23917292680316213</Rotation>
<Translation>-0.22117062717472485 -0.081492852774897609 -0.16001760029865103</Translation>
</Transform>
</Instance>
<Instance name="SEA system-1" uid="SEA system-1" entityUid="SEA system" rigid="true">
<Transform>
<Rotation>-0.91414372033243774 -0.39744722932121018 -0.079855860659461944 -0.1667629970745588 0.18913156850183344 0.96768763172975758 -0.36950150389880781 0.89792257444666668 -0.23917292680315977</Rotation>
<Translation>-0.22256315692934259 -0.064618276391611398 -0.16418830754943781</Translation>
</Transform>
<Instance name="Motor axis connector-1" uid="Motor axis connector-1" entityUid="Motor axis connector*:*Default">
<Transform>
<Rotation>1 0 0 0 1 0 0 0 1</Rotation>
<Translation>0 0 0</Translation>
</Transform>
</Instance>
<Instance name="spring holder-1" uid="spring holder-1" entityUid="spring holder*:*Default">
<Transform>
<Rotation>0.86565350292648613 6.3901132958682746e-16 0.50064359865187913 -2.7755575615628914e-16 -1 1.7562961846084288e-15 0.50064359865187913 -1.6593004569713376e-15 -0.86565350292648613</Rotation>
<Translation>0.024999999999999967 -0.16899999999999998 6.1959221158119915e-05</Translation>
</Transform>
</Instance>
<Instance name="connector-1" uid="connector-1" entityUid="connector*:*Default">
<Transform>
<Rotation>3.3306690738754711e-16 0 1 1 1.7893672654700773e-15 -3.3306690738754701e-16 -1.7893672654700773e-15 1 0</Rotation>
<Translation>0.024999999999999939 -0.082500000000000018 6.1959221158064404e-05</Translation>
</Transform>
</Instance>
<Instance name="spring-1" uid="spring-1" entityUid="spring*:*Default">
<Transform>
<Rotation>-0.99999999999999989 -7.2164496600635175e-16 0 -7.2164496600635175e-16 1 -2.0400348077487255e-15 0 -2.0400348077487259e-15 -0.99999999999999989</Rotation>
<Translation>0.024999999999999939 -0.16699999999999998 6.3837823915946501e-16</Translation>
</Transform>
</Instance>
<Instance name="spring-2" uid="spring-2" entityUid="spring*:*Default">
<Transform>
<Rotation>-0.99999999999999989 1.665334536937719e-16 -7.5286998857393467e-16 1.6653345369377348e-16 1 -2.4277455046295411e-15 7.5286998857393428e-16 -2.4277455046295415e-15 -0.99999999999999989</Rotation>
<Translation>-0.02500000000000005 -0.16700000000000004 0</Translation>
</Transform>
</Instance>
<Instance name="connector-2" uid="connector-2" entityUid="connector*:*Default">
<Transform>
<Rotation>6.6613381477509422e-16 0 1 1 1.6375789613221065e-15 -6.6613381477509412e-16 -1.6375789613221067e-15 1 0</Rotation>
<Translation>-0.025000000000000022 -0.082500000000000018 6.1959221158064404e-05</Translation>
</Transform>
</Instance>
<Instance name="spring holder-2" uid="spring holder-2" entityUid="spring holder*:*Default">
<Transform>
<Rotation>0.4507333223940157 4.2943666818125001e-16 0.89265865373257447 -1.4988010832439611e-15 1 2.7571896900109424e-16 -0.89265865373257447 -1.4621934841263943e-15 0.4507333223940157</Rotation>
<Translation>-0.02500000000000005 -0.17000000000000004 6.1959221158092159e-05</Translation>
</Transform>
</Instance>
</Instance>
<Instance name="Ball bearing filler-6" uid="Ball bearing filler-6" entityUid="Ball bearing filler*:*Default">
<Transform>
<Rotation>-0.80127125742211547 0.0798558606594615 0.59294806985731774 0.080411244442910326 -0.96768763172975747 0.23898677612871366 0.59287300815294697 0.23917292680316068 0.76895897633624488</Rotation>
<Translation>-0.2254828436503522 -0.029237720661486416 -0.17293293834602008</Translation>
</Transform>
</Instance>
<Instance name="Ball bearing filler small-6" uid="Ball bearing filler small-6" entityUid="Ball bearing filler small*:*Default">
<Transform>
<Rotation>0.58064441837173164 -0.81023151070054655 0.079855860659462735 0.24018670686544566 0.076752806088030798 -0.96768763172975691 0.77792185035444661 0.58106273828694532 0.23917292680316232</Rotation>
<Translation>-0.22037206856812894 -0.091169729092196505 -0.15762587103061987</Translation>
</Transform>
<VisualProperties>
<Ambient r="1" g="1" b="1" a="1"/>
<Diffuse r="1" g="1" b="1" a="1"/>
<Specular r="0.69999998807907104" g="0.69999998807907104" b="0.69999998807907104" a="1"/>
<Emissive r="0.29999999999999999" g="0.29999999999999999" b="0.29999999999999999" a="1"/>
<Shininess>0.10000000149011612</Shininess>
</VisualProperties>
</Instance>
<Instance name="Ball bearing filler-5" uid="Ball bearing filler-5" entityUid="Ball bearing filler*:*Default">
<Transform>
<Rotation>0.80127125742212135 0.079855860659461056 -0.59294806985730997 -0.080411244442908661 -0.96768763172975736 -0.23898677612871461 -0.59287300815293942 0.23917292680316116 -0.76895897633625043</Rotation>
<Translation>-0.22037206856814295 -0.091169729092190219 -0.15762587103061737</Translation>
</Transform>
</Instance>
<Instance name="Lower joint casin-5" uid="Lower joint casin-5" entityUid="Lower joint casin*:*Default">
<Transform>
<Rotation>0.91414372033244695 -0.39744722932118842 0.079855860659462513 0.16676299707455594 0.18913156850183996 -0.96768763172975669 0.36950150389878578 0.897922574446675 0.23917292680316274</Rotation>
<Translation>-0.22476414090441954 -0.037946909347055219 -0.17078038200479184</Translation>
</Transform>
<VisualProperties>
<Ambient r="1" g="1" b="1" a="1"/>
<Diffuse r="1" g="1" b="1" a="1"/>
<Specular r="0.69999998807907104" g="0.69999998807907104" b="0.69999998807907104" a="1"/>
<Emissive r="0.29999999999999999" g="0.29999999999999999" b="0.29999999999999999" a="1"/>
<Shininess>0.10000000149011612</Shininess>
</VisualProperties>
</Instance>
<Instance name="beam filler-4" uid="beam filler-4" entityUid="beam filler*:*Default">
<Transform>
<Rotation>-0.91414372033243774 0.079855860659461486 -0.39744722932120979 -0.16676299707455886 -0.96768763172975736 0.18913156850183496 -0.36950150389880715 0.23917292680316116 0.89792257444666634</Rotation>
<Translation>-0.19772307271875911 -0.088002308726354908 -0.21508881939946534</Translation>
</Transform>
</Instance>
<Instance name="lower leg main-1" uid="lower leg main-1" entityUid="lower leg main*:*Default">
<Transform>
<Rotation>-0.079855860659461 -0.39744722932121135 0.91414372033243718 0.96768763172975736 0.1891315685018346 0.16676299707455861 -0.23917292680316088 0.8979225744466659 0.36950150389880898</Rotation>
<Translation>-0.10532117208651448 -0.12035213192766542 -0.42909028597947185</Translation>
</Transform>
</Instance>
<Instance name="upper leg cap-12" uid="upper leg cap-12" entityUid="upper leg cap*:*Default">
<Transform>
<Rotation>0.58064441837171699 0.8102315107005571 -0.079855860659460598 0.2401867068654463 -0.076752806088028508 0.96768763172975691 0.77792185035445705 -0.58106273828693078 -0.23917292680316293</Rotation>
<Translation>-0.22436486160109695 -0.042785347505708365 -0.16958451737077834</Translation>
</Transform>
</Instance>
<Instance name="upper leg cap-14" uid="upper leg cap-14" entityUid="upper leg cap*:*Default">
<Transform>
<Rotation>0.079855860659466177 -0.30957168649164174 0.94751697211240304 -0.96768763172975369 -0.25215067755610676 -0.0008265623126602617 0.23917292680317381 -0.91683444892233235 -0.31970440152379304</Rotation>
<Translation>0.068885464302111621 0.013984314419709737 0.056266891737474012</Translation>
</Transform>
</Instance>
<Instance name="beam filler-3" uid="beam filler-3" entityUid="beam filler*:*Default">
<Transform>
<Rotation>-0.91414372033245594 0.07985586065946336 -0.39744722932116788 -0.16676299707455181 -0.96768763172975714 0.18913156850184168 -0.36950150389876585 0.23917292680316091 0.89792257444668355</Rotation>
<Translation>-0.20051802784186329 -0.05413324161581011 -0.22345987183757487</Translation>
</Transform>
</Instance>
<Instance name="upper leg cap-16" uid="upper leg cap-16" entityUid="upper leg cap*:*Default">
<Transform>
<Rotation>0.94751697211240482 0.3095716864916373 0.079855860659462222 -0.00082656231265886145 0.25215067755609455 -0.96768763172975691 -0.31970440152378771 0.91683444892233734 0.23917292680316227</Rotation>
<Translation>0.010361358742859705 -0.038236849152941427 -0.062309577865926946</Translation>
</Transform>
</Instance>
<Instance name="upper leg cap-18" uid="upper leg cap-18" entityUid="upper leg cap*:*Default">
<Transform>
<Rotation>0.41135886202746458 -0.90796857222582661 -0.079855860659460501 -0.1865632333166968 -0.16963138675278758 0.96768763172975714 -0.89217601772626087 -0.38316871542248854 -0.23917292680316238</Rotation>
<Translation>-0.22396558229780042 -0.04762378566435739 -0.16838865273676257</Translation>
</Transform>
</Instance>
<Instance name="Lower joint casin-7" uid="Lower joint casin-7" entityUid="Lower joint casin*:*Default">
<Transform>
<Rotation>-0.07666068792104562 -0.31037836020962445 -0.94751697211240327 0.9702352835728707 -0.24216277852926635 0.00082656231265922087 -0.22970988972559117 -0.91925103329208735 0.31970440152379292</Rotation>
<Translation>0.078360634023235731 0.013976048796582707 0.053069847722236746</Translation>
</Transform>
</Instance>
<Instance name="beam filler-5" uid="beam filler-5" entityUid="beam filler*:*Default">
<Transform>
<Rotation>0.076660687921045592 -0.94751697211240304 -0.3103783602096245 -0.97023528357287059 0.00082656231265928993 -0.24216277852926626 0.22970988972559114 0.31970440152379304 -0.91925103329208702</Rotation>
<Translation>0.092245750775251156 0.028509948319901973 0.10982343172738086</Translation>
</Transform>
</Instance>
<Instance name="Lower joint casin-6" uid="Lower joint casin-6" entityUid="Lower joint casin*:*Default">
<Transform>
<Rotation>0.076660687921043608 -0.31037836020962495 0.94751697211240316 -0.97023528357287125 -0.24216277852926424 -0.00082656231266069029 0.22970988972558962 -0.91925103329208746 -0.31970440152379298</Rotation>
<Translation>0.026247200557053429 0.014021509723778941 0.070653589806045636</Translation>
</Transform>
</Instance>
<Instance name="beam filler-6" uid="beam filler-6" entityUid="beam filler*:*Default">
<Transform>
<Rotation>-0.076660687921044149 0.94751697211240304 -0.31037836020962561 0.97023528357287081 -0.00082656231266067673 -0.24216277852926535 -0.22970988972559062 -0.31970440152379376 -0.91925103329208713</Rotation>
<Translation>0.049607487030193076 0.02854714362397151 0.12421012979595275</Translation>
</Transform>
</Instance>
<Instance name="foot-1" uid="foot-1" entityUid="foot*:*Default">
<Transform>
<Rotation>-0.9141437203324374 -0.39744722932121079 -0.079855860659462374 -0.16676299707456019 0.18913156850183518 0.96768763172975691 -0.36950150389880798 0.8979225744466659 -0.23917292680316196</Rotation>
<Translation>-0.10134669979330227 -0.12224344761268346 -0.43806951172393849</Translation>
</Transform>
</Instance>
<Instance name="SEA system-5" uid="SEA system-5" entityUid="SEA system" rigid="true">
<Transform>
<Rotation>-0.076660687921044524 -0.31037836020962406 -0.94751697211240338 0.97023528357287103 -0.24216277852926513 0.00082656231265982878 -0.22970988972559025 -0.91925103329208757 0.31970440152379231</Rotation>
<Translation>0.052362624703771288 0.013998728047024039 0.061841910128423716</Translation>
</Transform>
<Instance name="Motor axis connector-1" uid="Motor axis connector-1" entityUid="Motor axis connector*:*Default">
<Transform>
<Rotation>1 0 0 0 1 0 0 0 1</Rotation>
<Translation>0 0 0</Translation>
</Transform>
<VisualProperties>
<Ambient r="1" g="1" b="1" a="1"/>
<Diffuse r="1" g="1" b="1" a="1"/>
<Specular r="0.69999998807907104" g="0.69999998807907104" b="0.69999998807907104" a="1"/>
<Emissive r="0.29999999999999999" g="0.29999999999999999" b="0.29999999999999999" a="1"/>
<Shininess>0.10000000149011612</Shininess>
</VisualProperties>
</Instance>
<Instance name="spring holder-1" uid="spring holder-1" entityUid="spring holder*:*Default">
<Transform>
<Rotation>0.86565350292648646 5.0680339963233959e-16 0.50064359865187924 -4.8363830776177167e-16 -1 1.8485537364061565e-15 0.50064359865187924 -1.8423374401115918e-15 -0.86565350292648646</Rotation>
<Translation>0.025000000000000022 -0.16900000000000004 6.195922115814767e-05</Translation>
</Transform>
</Instance>
<Instance name="connector-1" uid="connector-1" entityUid="connector*:*Default">
<Transform>
<Rotation>1.5265566588595902e-16 0 1 1 1.8249290967276007e-15 -1.5265566588595902e-16 -1.8249290967276007e-15 1 0</Rotation>
<Translation>0.024999999999999994 -0.082500000000000004 6.195922115814767e-05</Translation>
</Transform>
</Instance>
<Instance name="spring-1" uid="spring-1" entityUid="spring*:*Default">
<Transform>
<Rotation>-1 -4.3021142204224816e-16 0 -4.3021142204224816e-16 1 -2.0747292772682609e-15 0 -2.0747292772682609e-15 -1</Rotation>
<Translation>0.024999999999999994 -0.16699999999999998 7.2164496600635175e-16</Translation>
</Transform>
</Instance>
<Instance name="spring-2" uid="spring-2" entityUid="spring*:*Default">
<Transform>
<Rotation>-1 3.8857805861880479e-16 -6.9388939039072353e-16 4.0245584642661964e-16 1 -2.4633073358870653e-15 6.9388939039072264e-16 -2.4633073358870657e-15 -0.99999999999999989</Rotation>
<Translation>-0.024999999999999994 -0.16700000000000004 0</Translation>
</Transform>
</Instance>
<Instance name="connector-2" uid="connector-2" entityUid="connector*:*Default">
<Transform>
<Rotation>4.9960036108132044e-16 0 1 1 1.6734928844535428e-15 -4.9960036108132044e-16 -1.673492884453542e-15 1 0</Rotation>
<Translation>-0.024999999999999994 -0.082500000000000018 6.1959221158092159e-05</Translation>
</Transform>
</Instance>
<Instance name="spring holder-2" uid="spring holder-2" entityUid="spring holder*:*Default">
<Transform>
<Rotation>0.45073332239401576 2.9436567610957791e-16 0.89265865373257436 -1.5751289161869408e-15 1 4.6557260353043409e-16 -0.89265865373257436 -1.6159015441835875e-15 0.45073332239401576</Rotation>
<Translation>-0.024999999999999994 -0.17000000000000004 6.195922115814767e-05</Translation>
</Transform>
</Instance>
</Instance>
<Instance name="motor axle-1" uid="motor axle-1" entityUid="motor axle*:*Default">
<Transform>
<Rotation>0.080008872462554836 -0.30953217584964188 0.94751697211240338 -0.96756287520731754 -0.2526289756051196 -0.00082656231265978986 0.23962608966433402 -0.91671611352615279 -0.31970440152379237</Rotation>
<Translation>0.12289393171251906 0.013937200367887981 0.038043740850620178</Translation>
</Transform>
</Instance>
<Instance name="Ball bearing filler-2" uid="Ball bearing filler-2" entityUid="Ball bearing filler*:*Default">
<Transform>
<Rotation>-0.30712588868700869 0.94751697211240582 -0.088799076893588388 0.27539852372906864 -0.00082656231265246932 -0.961329792486737 -0.91094969214883914 -0.31970440152378499 -0.26069091664316507</Rotation>
<Translation>0.078360634023236397 0.01397604879658515 0.053069847722239633</Translation>
</Transform>
</Instance>
<Instance name="Lower joint cap-4" uid="Lower joint cap-4" entityUid="Lower joint cap*:*Default">
<Transform>
<Rotation>-0.99200328039917474 0.097737061525363433 -0.079855860659462263 -0.053623473548727617 0.24638419284082114 0.96768763172975714 0.11425416737189517 0.96423145370941132 -0.23917292680316174</Rotation>
<Translation>0.0060491422672315498 0.014018282960463202 -0.075224915913309209</Translation>
</Transform>
</Instance>
<Instance name="Lower joint casin-2" uid="Lower joint casin-2" entityUid="Lower joint casin*:*Default">
<Transform>
<Rotation>-0.4113588620273943 0.90796857222585814 -0.079855860659463457 0.18656323331670696 0.169631386752775 0.96768763172975736 0.89217601772629118 0.38316871542241926 -0.23917292680316041</Rotation>
<Translation>0.0071671243164689868 0.00047065611624738657 -0.07187649493806153</Translation>
</Transform>
<VisualProperties>
<Ambient r="0.792156862745098" g="0.81960784313725488" b="0.93333333333333335" a="1"/>
<Diffuse r="0.792156862745098" g="0.81960784313725488" b="0.93333333333333335" a="1"/>
<Specular r="0.396078431372549" g="0.40980392156862744" b="0.46666666666666667" a="1"/>
<Emissive r="0" g="0" b="0" a="1"/>
<Shininess>0.40000000596046448</Shininess>
</VisualProperties>
</Instance>
<Instance name="motor body-1" uid="motor body-1" entityUid="motor body*:*Default">
<Transform>
<Rotation>0.079855860659466302 -0.30957168649164302 0.9475169721124026 -0.96768763172975403 -0.25215067755610537 -0.00082656231266001114 0.23917292680317234 -0.91683444892233212 -0.31970440152379431</Rotation>
<Translation>0.1328428599196983 0.013928521463604626 0.034686844634616881</Translation>
</Transform>
</Instance>
<Instance name="motor body-2" uid="motor body-2" entityUid="motor body*:*Default">
<Transform>
<Rotation>0.94751697211240749 -0.30957168649162936 -0.079855860659462111 -0.00082656231265673718 -0.25215067755609416 0.96768763172975703 -0.3197044015237801 -0.91683444892234001 -0.23917292680316191</Rotation>
<Translation>0.0021761330252643707 0.06095113309935854 -0.086824802863251782</Translation>
</Transform>
</Instance>
<Instance name="SEA system-4" uid="SEA system-4" entityUid="SEA system" rigid="true">
<Transform>
<Rotation>-0.41135886202742822 0.90796857222584715 -0.079855860659414135 0.18656323331670188 0.16963138675273001 0.96768763172976602 0.8921760177262763 0.38316871542246539 -0.23917292680314101</Rotation>
<Translation>0.0089688289882589034 -0.021362272769659185 -0.066480285116709392</Translation>
</Transform>
<Instance name="Motor axis connector-1" uid="Motor axis connector-1" entityUid="Motor axis connector*:*Default">
<Transform>
<Rotation>1 0 0 0 1 0 0 0 1</Rotation>
<Translation>0 0 0</Translation>
</Transform>
</Instance>
<Instance name="spring holder-1" uid="spring holder-1" entityUid="spring holder*:*Default">
<Transform>
<Rotation>0.86565350292648624 6.106226635438361e-16 0.50064359865187913 -3.3306690738754696e-16 -0.99999999999999978 1.8873791418627661e-15 0.50064359865187924 -1.8188575645616822e-15 -0.86565350292648624</Rotation>
<Translation>0.025000000000000078 -0.16899999999999998 6.195922115814767e-05</Translation>
</Transform>
</Instance>
<Instance name="connector-1" uid="connector-1" entityUid="connector*:*Default">
<Transform>
<Rotation>0 0 1 1 1.8205922880376598e-15 0 -1.8205922880376598e-15 1 0</Rotation>
<Translation>0.024999999999999967 -0.082499999999999962 6.1959221158092159e-05</Translation>
</Transform>
</Instance>
<Instance name="spring-1" uid="spring-1" entityUid="spring*:*Default">
<Transform>
<Rotation>-0.99999999999999989 -5.5511151231257847e-16 0 -5.5511151231257827e-16 1 -2.0703924685783197e-15 0 -2.0703924685783201e-15 -0.99999999999999989</Rotation>
<Translation>0.024999999999999967 -0.16699999999999993 6.9388939039072284e-16</Translation>
</Transform>
</Instance>
<Instance name="spring-2" uid="spring-2" entityUid="spring*:*Default">
<Transform>
<Rotation>-0.99999999999999989 2.2204460492503131e-16 -7.2164496600635175e-16 3.3306690738754696e-16 0.99999999999999978 -2.4980018054066022e-15 6.9475675212871124e-16 -2.4598378889351125e-15 -1</Rotation>
<Translation>-0.024999999999999967 -0.16699999999999995 0</Translation>
</Transform>
</Instance>
<Instance name="connector-2" uid="connector-2" entityUid="connector*:*Default">
<Transform>
<Rotation>2.7755575615628923e-16 0 1 1 1.668803983889689e-15 -2.7755575615628928e-16 -1.6688039838896892e-15 1 0</Rotation>
<Translation>-0.025000000000000022 -0.08249999999999999 6.1959221158092159e-05</Translation>
</Transform>
</Instance>
<Instance name="spring holder-2" uid="spring holder-2" entityUid="spring holder*:*Default">
<Transform>
<Rotation>0.4507333223940157 1.8162176149177994e-16 0.89265865373257447 -1.6098233857064768e-15 1 6.0939226807546339e-16 -0.89265865373257447 -1.7116961778628367e-15 0.4507333223940157</Rotation>
<Translation>-0.024999999999999967 -0.16999999999999996 6.1959221158119915e-05</Translation>
</Transform>
</Instance>
</Instance>
<Instance name="Lower joint casin-1" uid="Lower joint casin-1" entityUid="Lower joint casin*:*Default">
<Transform>
<Rotation>0.41135886202739741 0.9079685722258567 0.079855860659462818 -0.18656323331670846 0.16963138675277589 -0.9676876317297568 -0.89217601772628918 0.38316871542242192 0.23917292680316243</Rotation>
<Translation>0.010760638046144771 -0.043075287311592228 -0.061113713231919387</Translation>
</Transform>
</Instance>
<Instance name="Ball bearing filler-1" uid="Ball bearing filler-1" entityUid="Ball bearing filler*:*Default">
<Transform>
<Rotation>-0.23046520076597046 0.94751697211240293 0.22157928331602839 -0.69483675984380444 -0.0008265623126602154 -0.71916701395747173 -0.68123980242324655 -0.31970440152379376 0.65856011664892722</Rotation>
<Translation>0.01771954780804158 0.01402894878459271 0.073530929419758945</Translation>
</Transform>
</Instance>
<Instance name="motor axle-2" uid="motor axle-2" entityUid="motor axle*:*Default">
<Transform>
<Rotation>0.40152713246212657 0.91235903207842806 0.079855860659414177 -0.18838467983851126 0.16760626420088848 -0.96768763172976613 -0.89626289351890698 0.37350921914396679 0.23917292680314101</Rotation>
<Translation>0.0030146195622010041 0.050790412966194853 -0.084313487131810194</Translation>
</Transform>
</Instance>
<Instance name="upper leg cap-1" uid="upper leg cap-1" entityUid="upper leg cap*:*Default">
<Transform>
<Rotation>-0.22816901446442636 -0.22394304721798439 0.94751697211240271 -0.70221270820990889 0.71196673322792858 -0.00082656231266081681 -0.67441546042987299 -0.66554705497017641 -0.31970440152379392</Rotation>
<Translation>0.026247200557053929 0.014021509723780218 0.070653589806046968</Translation>
</Transform>
</Instance>
<Instance name="Lower joint cap-2" uid="Lower joint cap-2" entityUid="Lower joint cap*:*Default">
<Transform>
<Rotation>0.30712588868701501 0.088799076893597062 -0.94751697211240304 -0.27539852372906481 0.96132979248673822 0.00082656231266076715 0.91094969214883814 0.26069091664315813 0.31970440152379354</Rotation>
<Translation>0.017719547808041747 0.014028948784592904 0.073530929419759417</Translation>
</Transform>
</Instance>
<Instance name="Ball bearing filler small-2" uid="Ball bearing filler small-2" entityUid="Ball bearing filler small*:*Default">
<Transform>
<Rotation>-0.079855860659466135 0.30957168649164291 0.94751697211240293 0.96768763172975392 0.25215067755610626 -0.00082656231266044005 -0.23917292680317331 0.91683444892233201 -0.3197044015237942</Rotation>
<Translation>0.078360634023235731 0.01397604879658304 0.053069847722236163</Translation>
</Transform>
<VisualProperties>
<Ambient r="1" g="1" b="1" a="1"/>
<Diffuse r="1" g="1" b="1" a="1"/>
<Specular r="0.69999998807907104" g="0.69999998807907104" b="0.69999998807907104" a="1"/>
<Emissive r="0.29999999999999999" g="0.29999999999999999" b="0.29999999999999999" a="1"/>
<Shininess>0.10000000149011612</Shininess>
</VisualProperties>
</Instance>
<Instance name="hip-1" uid="hip-1" entityUid="hip*:*Default">
<Transform>
<Rotation>0.94751697211240271 -0.3095716864916439 -0.079855860659462111 -0.00082656231266048776 -0.25215067755609372 0.96768763172975736 -0.31970440152379426 -0.91683444892233512 -0.23917292680316146</Rotation>
<Translation>0.030633899235729845 -0.0036517681687447401 -0.002316692660422115</Translation>
</Transform>
</Instance>
<Instance name="bearing-3" uid="bearing-3" entityUid="bearing*:*Default">
<Transform>
<Rotation>-0.079855860659461639 0.40373282851519632 -0.91138512424630647 0.96768763172975725 -0.18797871228502305 -0.16806145044274162 -0.23917292680316107 -0.89535680424442143 -0.37567606282224864</Rotation>
<Translation>0.011519604117038507 -0.052272384101075264 -0.058840565900986408</Translation>
</Transform>
</Instance>
<Instance name="bearing-2" uid="bearing-2" entityUid="bearing*:*Default">
<Transform>
<Rotation>0.94751697211240293 -0.2415617325906656 -0.20942663848407456 -0.000826562312659963 -0.65690991090695583 0.75396862384780872 -0.3197044015237932 -0.71422496336939312 -0.62263295555752751</Rotation>
<Translation>0.08262843996902397 0.013972325794613688 0.051629835156891596</Translation>
</Transform>
</Instance>
<Instance name="upper leg casin-2" uid="upper leg casin-2" entityUid="upper leg casin*:*Default">
<Transform>
<Rotation>-0.07985586065946447 -0.30957168649164285 -0.94751697211240293 0.96768763172975547 -0.25215067755610032 0.00082656231266006741 -0.2391729268031676 -0.91683444892233379 0.3197044015237937</Rotation>
<Translation>0.06888546430211151 0.013984314419709709 0.056266891737473901</Translation>
</Transform>
<VisualProperties>
<Ambient r="1" g="1" b="1" a="1"/>
<Diffuse r="1" g="1" b="1" a="1"/>
<Specular r="0.69999998807907104" g="0.69999998807907104" b="0.69999998807907104" a="1"/>
<Emissive r="0.29999999999999999" g="0.29999999999999999" b="0.29999999999999999" a="1"/>
<Shininess>0.10000000149011612</Shininess>
</VisualProperties>
</Instance>
<Instance name="Ball bearing filler small-1" uid="Ball bearing filler small-1" entityUid="Ball bearing filler small*:*Default">
<Transform>
<Rotation>-0.2281690144644252 0.22394304721798633 -0.94751697211240282 -0.70221270820991388 -0.71196673322792392 0.0008265623126607613 -0.67441546042986855 0.66554705497018085 0.31970440152379453</Rotation>
<Translation>0.026247200557053207 0.014021509723778941 0.070653589806045775</Translation>
</Transform>
<VisualProperties>
<Ambient r="1" g="1" b="1" a="1"/>
<Diffuse r="1" g="1" b="1" a="1"/>
<Specular r="0.69999998807907104" g="0.69999998807907104" b="0.69999998807907104" a="1"/>
<Emissive r="0.29999999999999999" g="0.29999999999999999" b="0.29999999999999999" a="1"/>
<Shininess>0.10000000149011612</Shininess>
</VisualProperties>
</Instance>
<Instance name="upper leg cap-7" uid="upper leg cap-7" entityUid="upper leg cap*:*Default">
<Transform>
<Rotation>0.30802487512388682 0.085628639273654342 -0.94751697211240304 -0.26547492351983376 0.96411741078401947 0.00082656231266041436 0.91358838723303193 0.25128739395214533 0.31970440152379354</Rotation>
<Translation>0.078360634023235565 0.01397604879658304 0.053069847722235997</Translation>
</Transform>
</Instance>
<Instance name="upper leg casin-7" uid="upper leg casin-7" entityUid="upper leg casin*:*Default">
<Transform>
<Rotation>0.079855860659462721 -0.30957168649164352 0.94751697211240271 -0.96768763172975669 -0.25215067755609505 -0.00082656231266017843 0.2391729268031626 -0.91683444892233501 -0.31970440152379387</Rotation>
<Translation>0.035722370278177457 0.014013244100653022 0.06745654579080787</Translation>
</Transform>
<VisualProperties>
<Ambient r="1" g="1" b="1" a="1"/>
<Diffuse r="1" g="1" b="1" a="1"/>
<Specular r="0.69999998807907104" g="0.69999998807907104" b="0.69999998807907104" a="1"/>
<Emissive r="0.29999999999999999" g="0.29999999999999999" b="0.29999999999999999" a="1"/>
<Shininess>0.10000000149011612</Shininess>
</VisualProperties>
</Instance>
<Instance name="Lower joint cap-3" uid="Lower joint cap-3" entityUid="Lower joint cap*:*Default">
<Transform>
<Rotation>0.41135886202740657 0.90796857222585259 0.079855860659463526 -0.18656323331670582 0.1696313867527782 -0.96768763172975669 -0.89217601772628541 0.38316871542243119 0.23917292680316171</Rotation>
<Translation>0.011878620095380127 -0.056622914155808224 -0.057765292256673151</Translation>
</Transform>
</Instance>
<Instance name="upper leg cap-3" uid="upper leg cap-3" entityUid="upper leg cap*:*Default">
<Transform>
<Rotation>0.94751697211240749 -0.30957168649162981 -0.079855860659462249 -0.00082656231265692561 -0.25215067755609472 0.96768763172975714 -0.3197044015237806 -0.91683444892233978 -0.23917292680316249</Rotation>
<Translation>0.011159917349454207 -0.047913725470238866 -0.059917848597895063</Translation>
</Transform>
</Instance>
<Instance name="upper leg casin-3" uid="upper leg casin-3" entityUid="upper leg casin*:*Default">
<Transform>
<Rotation>-0.94751697211240837 0.30957168649162697 -0.079855860659462319 0.00082656231265605163 0.2521506775560946 0.96768763172975725 0.31970440152377783 0.91683444892234089 -0.23917292680316232</Rotation>
<Translation>0.01036135874286026 -0.038236849152941274 -0.062309577865926447</Translation>
</Transform>
</Instance>
<Instance name="upper leg cap-2" uid="upper leg cap-2" entityUid="upper leg cap*:*Default">
<Transform>
<Rotation>-0.22816901446442583 -0.22394304721798494 0.94751697211240271 -0.70221270820991 0.71196673322792747 -0.00082656231266056701 -0.67441546042987199 -0.66554705497017741 -0.31970440152379398</Rotation>
<Translation>0.012981962947480274 0.014033081596157487 0.075129451427379756</Translation>
</Transform>
</Instance>
<Instance name="Lower joint cap-1" uid="Lower joint cap-1" entityUid="Lower joint cap*:*Default">
<Transform>
<Rotation>0.076660687921049478 0.31037836020961534 -0.94751697211240582 -0.97023528357287092 0.24216277852926499 0.00082656231265247626 0.2297098897255884 0.91925103329209068 0.31970440152378499</Rotation>
<Translation>0.091625871632810052 0.013964476924207908 0.048593986100906816</Translation>
</Transform>
</Instance>
<Instance name="bearing-1" uid="bearing-1" entityUid="bearing*:*Default">
<Transform>
<Rotation>0.9475169721124026 -0.3037369496182063 -0.099777016369358623 -0.00082656231266021844 -0.31441672445006424 0.94928469922401859 -0.31970440152379409 -0.89938089195997462 -0.29816624024794131</Rotation>
<Translation>0.02197939461126433 0.014025232725747683 0.072093602371387122</Translation>
</Transform>
</Instance>
<Instance name="upper leg cap-8" uid="upper leg cap-8" entityUid="upper leg cap*:*Default">
<Transform>
<Rotation>-0.079855860659462985 0.30957168649164246 0.94751697211240304 0.96768763172975658 0.25215067755609583 -0.00082656231265990229 -0.23917292680316338 0.91683444892233501 -0.31970440152379292</Rotation>
<Translation>0.086888286772248136 0.013968609735770049 0.050192508108523715</Translation>
</Transform>
</Instance>
<Instance name="upper leg cap-4" uid="upper leg cap-4" entityUid="upper leg cap*:*Default">
<Transform>
<Rotation>0.94751697211240571 0.30957168649163458 0.07985586065946218 -0.00082656231265813536 0.25215067755609433 -0.96768763172975691 -0.31970440152378515 0.91683444892233801 0.23917292680316204</Rotation>
<Translation>0.0067678450131819501 0.0053090942748973691 -0.073072359572070644</Translation>
</Transform>
</Instance>
<Instance name="upper leg casin-4" uid="upper leg casin-4" entityUid="upper leg casin*:*Default">
<Transform>
<Rotation>0.94751697211240304 0.30957168649164335 0.079855860659462291 -0.00082656231266040742 0.25215067755609449 -0.96768763172975703 -0.3197044015237937 0.91683444892233523 0.23917292680316224</Rotation>
<Translation>0.0075664036197743145 -0.0043677820424007086 -0.070680630304040815</Translation>
</Transform>
</Instance>
<Instance name="bearing-4" uid="bearing-4" entityUid="bearing*:*Default">
<Transform>
<Rotation>0.07985586065946168 -0.96751455153118904 -0.23987212029274863 -0.96768763172975725 -0.017505915906441922 -0.25154361511580858 0.23917292680316077 0.25220851588255072 -0.93764981501663558</Rotation>
<Translation>0.006408158245605533 0.0096677529057361544 -0.07414964226897236</Translation>
</Transform>
</Instance>
<Instance name="beam filler-1" uid="beam filler-1" entityUid="beam filler*:*Default">
<Transform>
<Rotation>-0.41135886202736804 0.079855860659461403 0.90796857222587035 0.18656323331671387 -0.96768763172975703 0.16963138675276834 0.89217601772630162 0.23917292680316171 0.3831687154223935</Rotation>
<Translation>-0.044516034894011292 -0.043576294199462212 -0.086495565425301235</Translation>
</Transform>
</Instance>
<Instance name="beam filler-2" uid="beam filler-2" entityUid="beam filler*:*Default">
<Transform>
<Rotation>-0.41135886202740846 0.079855860659462485 0.9079685722258517 0.1865632333167048 -0.96768763172975725 0.16963138675277711 0.89217601772628496 0.23917292680316046 0.38316871542243314</Rotation>
<Translation>-0.047310990017077836 -0.0097072270889181078 -0.094866617863403613</Translation>
</Transform>
</Instance>
<Instance name="upperleg-1" uid="upperleg-1" entityUid="upperleg*:*Default">
<Transform>
