<?xml version="1.0" encoding="UTF-8" standalone="no" ?>
<SimscapeMultibodyImportXML version="2.0" xmlns="urn:mathworks:SimscapeMultibody:import" xmlns:xsi="http://www.w3.org/2001/XMLSchema-instance">
<Created by="" on="09/25/18||15:13:16" using="Simscape Multibody Link Version 5.1" from="SolidWorks 25.4.0"/>
<ModelUnits mass="kilogram" length="millimeter"/>
<DataUnits mass="kilogram" length="meter"/>
<RootAssembly name="robot" uid="robot" version="597">
<AssemblyFile name="robot.SLDASM" type="SolidWorks Assembly"/>
<InstanceTree>
<Instance name="Leg_model_right-3" uid="Leg_model_right-3" entityUid="Leg_model_right">
<Transform>
<Rotation>0 -1.0000000000000002 0 1 0 -3.4911800174351466e-15 3.4911800703747058e-15 0 1.0000000000000002</Rotation>
<Translation>-0.11499999999999996 0.24750000000000033 -0.087499999999999148</Translation>
</Transform>
<Instance name="upper leg cap-2" uid="upper leg cap-2" entityUid="upper leg cap*:*Default">
<Transform>
<Rotation>1.5891904833889182e-16 -2.8001944648610805e-16 -0.99999999999999978 -0.86602540378443649 -0.50000000000000355 0 -0.50000000000000355 0.86602540378443649 -3.2196347838007258e-16</Rotation>
<Translation>0.012499999999999983 0 0</Translation>
</Transform>
</Instance>
<Instance name="upper leg cap-1" uid="upper leg cap-1" entityUid="upper leg cap*:*Default">
<Transform>
<Rotation>-1.0019481532220262e-16 1.736480365008433e-16 1 -0.86602540378443649 -0.50000000000000422 0 0.50000000000000433 -0.86602540378443638 2.0048107152767831e-16</Rotation>
<Translation>-0.012499999999999928 0 0</Translation>
</Transform>
</Instance>
<Instance name="Lower joint cap-2" uid="Lower joint cap-2" entityUid="Lower joint cap*:*Default">
<Transform>
<Rotation>-3.6499141994109421e-16 0 0.99999999999999989 -0.011011156868957848 -0.99993937537453093 0 0.99993937537453093 -0.011011156868957848 3.6545335552311259e-16</Rotation>
<Translation>0.0054896000000000111 -3.6082248300317588e-15 3.5943470422239443e-15</Translation>
</Transform>
</Instance>
<Instance name="Lower joint cap-1" uid="Lower joint cap-1" entityUid="Lower joint cap*:*Default">
<Transform>
<Rotation>1.0224071323135736e-16 -1.7222337846556927e-16 -1 -0.86046732288413752 -0.50950562926095866 0 -0.50950562926095866 0.86046732288413763 -2.0028480833736197e-16</Rotation>
<Translation>-0.0054999999999999494 8.174017018802715e-15 -7.8409501114151681e-15</Translation>
</Transform>
</Instance>
<Instance name="motor body-1" uid="motor body-1" entityUid="motor body*:*Default">
<Transform>
<Rotation>2.1182318277632903e-16 -2.0204311034016393e-16 0.99999999999999989 0.50000000000000377 0.86602540378443638 0 -0.86602540378443638 0.50000000000000377 2.8446581256485751e-16</Rotation>
<Translation>0.062500000000000028 0 0</Translation>
</Transform>
</Instance>
<Instance name="hip joint casin-1" uid="hip joint casin-1" entityUid="hip joint casin*:*Default">
<Transform>
<Rotation>2.7674546285333232e-16 0 -0.99999999999999989 0.011011156868999401 -0.99993937537453048 0 -0.99993937537453048 -0.011011156868999401 -2.7674610641734325e-16</Rotation>
<Translation>-0.012499999999999956 0 0</Translation>
</Transform>
</Instance>
<Instance name="motor axle-1" uid="motor axle-1" entityUid="motor axle*:*Default">
<Transform>
<Rotation>-2.8257733620771201e-16 0 1 -0.021811698506312868 -0.99976209660512227 0 0.99976209660512227 -0.021811698506312868 2.8415294297260184e-16</Rotation>
<Translation>0.051500000000000018 0 0</Translation>
</Transform>
</Instance>
<Instance name="upper leg casin-1" uid="upper leg casin-1" entityUid="upper leg casin*:*Default">
<Transform>
<Rotation>0 0 1 0 -1.0000000000000002 0 1.0000000000000002 0 0</Rotation>
<Translation>-0.03949999999999998 0 0</Translation>
</Transform>
</Instance>
<Instance name="bearing-1" uid="bearing-1" entityUid="bearing*:*Default">
<Transform>
<Rotation>1 0 -2.0043940757548836e-16 0 0.99996192596376698 0.008726203231293592 2.0044711765462192e-16 -0.008726203231293592 0.99996192596376698</Rotation>
<Translation>-0.015994799999999948 0 0</Translation>
</Transform>
</Instance>
<Instance name="hip joint casin-2" uid="hip joint casin-2" entityUid="hip joint casin*:*Default">
<Transform>
<Rotation>-3.315110662723288e-16 -1.0893874554095532e-16 0.99999999999999989 -0.011011156868999479 -0.99993937537453048 -1.1258246152484168e-16 0.99993937537453048 -0.011011156868999479 3.3029142692183357e-16</Rotation>
<Translation>0.012489600000000184 0 0</Translation>
</Transform>
</Instance>
<Instance name="hip-1" uid="hip-1" entityUid="hip*:*Default">
<Transform>
<Rotation>-1 -3.8864464364507365e-16 -9.3647648605466781e-16 9.321402853809675e-16 0.011011156868999563 -0.99993937537453048 3.9893277170118944e-16 -0.99993937537453048 -0.011011156868999563</Rotation>
<Translation>0 0.060244113552024164 -0.021837966533756886</Translation>
</Transform>
</Instance>
<Instance name="motor body-2" uid="motor body-2" entityUid="motor body*:*Default">
<Transform>
<Rotation>1 5.506397396312438e-14 1.0292647646905579e-15 -1.6355204210381432e-15 0.011011156868999264 0.99993937537453048 5.5049302334542268e-14 -0.99993937537453048 0.011011156868999264</Rotation>
<Translation>1.4682699500667695e-14 0.12389649598417729 -0.12614340364375357</Translation>
</Transform>
</Instance>
<Instance name="Lower joint cap-3" uid="Lower joint cap-3" entityUid="Lower joint cap*:*Default">
<Transform>
<Rotation>0.6888905607854684 -0.72486536354048736 1.0212238190599142e-15 0.0079816062268478916 0.0075854820303825083 0.9999393753745307 -0.72482141884930706 -0.68884879705323132 0.011011156868999413</Rotation>
<Translation>-9.1593399531575415e-15 0.06689995158782952 -0.12677103958531408</Translation>
</Transform>
</Instance>
<Instance name="upper leg casin-2" uid="upper leg casin-2" entityUid="upper leg casin*:*Default">
<Transform>
<Rotation>1.9953136915952004e-16 0 -1 0 -1.0000000000000002 0 -1.0000000000000002 0 -1.9953142209908003e-16</Rotation>
<Translation>0.039500000000000007 0 0</Translation>
</Transform>
</Instance>
<Instance name="bearing-3" uid="bearing-3" entityUid="bearing*:*Default">
<Transform>
<Rotation>-1.0329771289349814e-15 0.93772167720886768 0.3473874725613863 -0.9999393753745307 0.0038251379546976878 -0.010325400487208435 -0.011011156868999419 -0.3473664123259696 0.93766482818339247</Rotation>
<Translation>-5.2735593669694936e-16 0.077394115344509795 -0.12665547969619531</Translation>
</Transform>
</Instance>
<Instance name="Lower joint casin-1" uid="Lower joint casin-1" entityUid="Lower joint casin*:*Default">
<Transform>
<Rotation>-0.68889056078549904 0.72486536354045816 1.0417014473240727e-15 -0.0079816062268474371 -0.0075854820303827494 0.99993937537453048 0.72482141884927775 0.68884879705326207 0.01101115686899925</Rotation>
<Translation>0 0.073899527215451011 -0.12669396148722026</Translation>
</Transform>
</Instance>
<Instance name="upper leg cap-3" uid="upper leg cap-3" entityUid="upper leg cap*:*Default">
<Transform>
<Rotation>-1 6.2994226039064002e-14 -1.0330290648229456e-15 1.7266057425801237e-15 0.011011156868999264 -0.99993937537453048 -6.2979032192620646e-14 -0.99993937537453048 -0.011011156868999264</Rotation>
<Translation>1.6320278461989801e-14 0.073899527215450733 -0.12669396148720155</Translation>
</Transform>
</Instance>
<Instance name="upper leg casin-3" uid="upper leg casin-3" entityUid="upper leg casin*:*Default">
<Transform>
<Rotation>1 3.8857712099748663e-16 -1.0330865090846226e-15 -1.0287451949669243e-15 -0.011011156868999563 -0.99993937537453048 -3.9992904126583811e-16 0.99993937537453048 -0.011011156868999563</Rotation>
<Translation>0 0.10089789035056312 -0.12639666025175719</Translation>
</Transform>
</Instance>
<Instance name="Lower joint cap-4" uid="Lower joint cap-4" entityUid="Lower joint cap*:*Default">
<Transform>
<Rotation>0.68889056078550726 0.72486536354045039 -9.5964113566273816e-16 0.0079816062268476436 -0.0075854820303830018 -0.9999393753745307 -0.72482141884927009 0.68884879705327018 -0.011011156868999575</Rotation>
<Translation>2.0261570199409107e-15 0.055911017828213339 -0.12689204779482846</Translation>
</Transform>
</Instance>
<Instance name="bearing-2" uid="bearing-2" entityUid="bearing*:*Default">
<Transform>
<Rotation>1 1.2328586434166257e-16 -3.2290079628722027e-16 -1.204658550070706e-16 0.9999619258840089 0.0087262123710379023 3.2396437369900019e-16 -0.0087262123710379006 0.9999619258840089</Rotation>
<Translation>0.015994800000000003 0 0</Translation>
</Transform>
</Instance>
<Instance name="motor axle-2" uid="motor axle-2" entityUid="motor axle*:*Default">
<Transform>
<Rotation>-0.68102049094972994 0.73226435862097561 1.0489793946755421e-15 -0.0080630777223518676 -0.0074988234568510309 0.9999393753745307 0.73221996536848966 0.68097920433752912 0.011011156868999108</Rotation>
<Translation>0 0.11289716285505763 -0.12626452636932931</Translation>
</Transform>
</Instance>
<Instance name="Lower joint casin-2" uid="Lower joint casin-2" entityUid="Lower joint casin*:*Default">
<Transform>
<Rotation>0.68889056078549915 0.72486536354045816 -9.5496527352523231e-16 0.007981606226847628 -0.0075854820303828101 -0.99993937537453059 -0.72482141884927775 0.68884879705326207 -0.011011156868999431</Rotation>
<Translation>0 0.048901042831087677 -0.12696924040894517</Translation>
</Transform>
<VisualProperties>
<Ambient r="0.792156862745098" g="0.81960784313725488" b="0.93333333333333335" a="1"/>
<Diffuse r="0.792156862745098" g="0.81960784313725488" b="0.93333333333333335" a="1"/>
<Specular r="0.396078431372549" g="0.40980392156862744" b="0.46666666666666667" a="1"/>
<Emissive r="0" g="0" b="0" a="1"/>
<Shininess>0.40000000596046448</Shininess>
</VisualProperties>
</Instance>
<Instance name="upper leg cap-4" uid="upper leg cap-4" entityUid="upper leg cap*:*Default">
<Transform>
<Rotation>-0.99999999999999989 3.8461938062075142e-14 9.4023785218528913e-16 5.1667280271928564e-16 -0.011011156868999429 0.99993937537453059 3.8469959375030318e-14 0.9999393753745307 0.011011156868999429</Rotation>
<Translation>-8.7707618945387367e-15 0.048911442200591737 -0.126969125892924</Translation>
</Transform>
</Instance>
<Instance name="upper leg casin-4" uid="upper leg casin-4" entityUid="upper leg casin*:*Default">
<Transform>
<Rotation>-1 4.4919464577473247e-16 9.4026089411843833e-16 9.3525773844454867e-16 -0.011011156868999563 0.99993937537453048 4.5952077372049352e-16 0.99993937537453048 0.011011156868999563</Rotation>
<Translation>0 0.021902679695975147 -0.12726654164440812</Translation>
</Transform>
</Instance>
<Instance name="lower leg main-1" uid="lower leg main-1" entityUid="lower leg main*:*Default">
<Transform>
<Rotation>-1.6969555459530551e-15 -0.72079381497634765 -0.69314953386108735 -0.99993937537453048 -0.0076323782510158891 0.0079367737669090912 -0.011011156868997765 0.6931075119302027 -0.72075011712127401</Rotation>
<Translation>0.028017442886232119 0.064749152209590072 -0.43094716322198412</Translation>
</Transform>
</Instance>
<Instance name="upper leg casin-6" uid="upper leg casin-6" entityUid="upper leg casin*:*Default">
<Transform>
<Rotation>-0.68889056078549826 0.72486536354045905 2.0426368929626904e-15 -0.0079816062268463443 -0.007585482030383073 0.9999393753745307 0.72482141884927864 0.68884879705326119 0.011011156868998683</Rotation>
<Translation>-0.14497307270809229 0.023419776102051898 -0.26503630105506076</Translation>
</Transform>
</Instance>
<Instance name="SEA system-3" uid="SEA system-3" entityUid="SEA system">
<Transform>
<Rotation>-0.023868415689951242 0.57854580782739184 0.81530058688670293 0.94900145870554453 0.26956179921979567 -0.16350127759786839 -0.31436687183480438 0.76981892977942357 -0.55547482863408171</Rotation>
<Translation>0.24099891296424744 -0.36830022885852581 0.32029185260677817</Translation>
</Transform>
<Instance name="spring base-1" uid="spring base-1" entityUid="spring base*:*Default">
<Transform>
<Rotation>-0.24105126282485195 -0.94548238290735054 0.21899167176489312 0.9476119048589362 -0.27802205413320524 -0.15727496681027014 0.20958522481358893 0.16960778586902103 0.96296792911936868</Rotation>
<Translation>0.57228660382037333 -0.42346856620452489 -0.0082414595886424746</Translation>
</Transform>
</Instance>
<Instance name="spring holder-2" uid="spring holder-2" entityUid="spring holder*:*Default">
<Transform>
<Rotation>-0.87940541686232043 -0.24105126282485301 0.41053672367250166 -0.12191817503949529 0.94761190485893598 0.29524165756996057 -0.46019786112958772 0.20958522481358868 -0.86272357227074192</Rotation>
<Translation>0.5893996392421037 -0.4830029170358327 -0.010433511081958335</Translation>
</Transform>
</Instance>
<Instance name="spring holder-1" uid="spring holder-1" entityUid="spring holder*:*Default">
<Transform>
<Rotation>-0.49783968775221199 0.2410512628248532 -0.83309659343279252 0.064642794307957718 -0.94761190485893609 -0.31281462068400451 -0.86485660918029594 -0.20958522481358771 0.45617658762479113</Rotation>
<Translation>0.57448690652112566 -0.47151842856491333 -0.074739432755621227</Translation>
</Transform>
</Instance>
<Instance name="Motor axis connector-1" uid="Motor axis connector-1" entityUid="Motor axis connector*:*Default">
<Transform>
<Rotation>-0.21899167176489179 -0.24105126282485234 0.94548238290735076 0.15727496681026865 0.94761190485893643 0.27802205413320513 -0.96296792911936924 0.20958522481358721 -0.16960778586902009</Rotation>
<Translation>0.55403136849981927 -0.36782219348472528 -0.018365096419632465</Translation>
</Transform>
</Instance>
<Instance name="spring connector-1" uid="spring connector-1" entityUid="spring connector*:*Default">
<Transform>
<Rotation>0.94548238290735087 -0.24105126282485201 0.21899167176489159 0.27802205413320491 0.94761190485893632 -0.15727496681026976 -0.1696077858690197 0.20958522481358816 0.96296792911936901</Rotation>
<Translation>0.58939963924210326 -0.48300291703583298 -0.01043351108195828</Translation>
</Transform>
</Instance>
<Instance name="spring-1" uid="spring-1" entityUid="spring*:*Default">
<Transform>
<Rotation>0.21899167176489209 -0.24105126282485273 -0.94548238290735032 -0.15727496681026987 0.94761190485893609 -0.27802205413320569 0.96296792911936913 0.20958522481358841 0.16960778586901992</Rotation>
<Translation>0.57400480399547571 -0.46962320475519564 -0.074320262305993978</Translation>
</Transform>
</Instance>
<Instance name="spring-2" uid="spring-2" entityUid="spring*:*Default">
<Transform>
<Rotation>0.21899167176489337 -0.24105126282485237 -0.94548238290735021 -0.15727496681026942 0.9476119048589362 -0.27802205413320563 0.96296792911936868 0.20958522481358849 0.16960778586902134</Rotation>
<Translation>0.58867648545362883 -0.48016008132125609 -0.009804755407517407</Translation>
</Transform>
</Instance>
<Instance name="spring connector-2" uid="spring connector-2" entityUid="spring connector*:*Default">
<Transform>
<Rotation>-0.94548238290735043 -0.24105126282485265 -0.21899167176489184 -0.27802205413320547 0.9476119048589362 0.15727496681026978 0.16960778586901976 0.20958522481358827 -0.96296792911936913</Rotation>
<Translation>0.57472795778395014 -0.47246604046977236 -0.074949017980434823</Translation>
</Transform>
</Instance>
<Instance name="spring base-2" uid="spring base-2" entityUid="spring base*:*Default">
<Transform>
<Rotation>-0.2410512628248524 0.94548238290735021 -0.21899167176489331 0.9476119048589362 0.27802205413320558 0.15727496681026931 0.20958522481358818 -0.16960778586902131 -0.9629679291193689</Rotation>
<Translation>0.56243273914104797 -0.4163917389082904 -0.051571672046492822</Translation>
</Transform>
</Instance>
</Instance>
<Instance name="SEA system hip-1" uid="SEA system hip-1" entityUid="SEA system hip">
<Transform>
<Rotation>3.8393526324021437e-16 -9.4911066203855368e-16 1 0.034104919129031692 -0.99941825803374373 -9.6165499122830203e-16 0.99941825803374373 0.034104919129031686 -3.5134251667237471e-16</Rotation>
<Translation>-7.2036914945700081e-05 -0.19893524710487509 0.42468886548332635</Translation>
</Transform>
<Instance name="spring connector hip-1" uid="spring connector hip-1" entityUid="spring connector hip*:*Default">
<Transform>
<Rotation>0 -0.045107602748034666 0.9989821340616285 -8.3787781779213207e-16 0.9989821340616285 0.045107602748034666 -0.99999999999999989 -8.4075313052768595e-16 0</Rotation>
<Translation>-0.37742638422107921 -0.36164962933459821 7.2036914946171926e-05</Translation>
</Transform>
</Instance>
<Instance name="spring holder-1" uid="spring holder-1" entityUid="spring holder*:*Default">
<Transform>
<Rotation>0.9989821340616285 0.045107602748034735 -3.8972517320294429e-16 0.045107602748034735 -0.9989821340616285 1.3583511057036204e-15 -3.2805652315537843e-16 -1.3745480546745235e-15 -0.99999999999999989</Rotation>
<Translation>-0.37747149182382722 -0.36065064720053663 7.2036914945755592e-05</Translation>
</Transform>
</Instance>
<Instance name="spring connector hip-2" uid="spring connector hip-2" entityUid="spring connector hip*:*Default">
<Transform>
<Rotation>0 -0.045107602748034617 -0.99898213406162839 8.3787781779213355e-16 0.9989821340616285 -0.045107602748034603 0.99999999999999989 -8.4075313052768832e-16 0</Rotation>
<Translation>-0.44435471777466612 -0.36467168206165629 7.2036914946199682e-05</Translation>
</Transform>
</Instance>
<Instance name="spring-1" uid="spring-1" entityUid="spring*:*Default">
<Transform>
<Rotation>2.6507017975992927e-16 -0.045107602748034534 -0.99898213406162839 -1.327467113591219e-15 0.9989821340616285 -0.045107602748034527 0.99999999999999989 1.3380726104009472e-15 2.0492151463172059e-16</Rotation>
<Translation>-0.37756170702932329 -0.35865268293241337 7.2036914946199682e-05</Translation>
</Transform>
</Instance>
<Instance name="spring-2" uid="spring-2" entityUid="spring*:*Default">
<Transform>
<Rotation>-0.9989821340616285 -0.045107602748034333 0 -0.045107602748034339 0.9989821340616285 -9.8262611768395671e-16 0 -9.8574423627867011e-16 -1</Rotation>
<Translation>-0.44449004058291025 -0.3616747356594715 7.2036914946199682e-05</Translation>
</Transform>
</Instance>
<Instance name="Motor axis connector-1" uid="Motor axis connector-1" entityUid="Motor axis connector*:*Default">
<Transform>
<Rotation>0.9989821340616285 -0.045107602748034652 0 0.045107602748034652 0.9989821340616285 9.8262611768395631e-16 0 -9.8574423627866932e-16 0.99999999999999989</Rotation>
<Translation>-0.41765713563324702 -0.21330349753537553 9.1593399531575415e-16</Translation>
</Transform>
</Instance>
<Instance name="spring holder-2" uid="spring holder-2" entityUid="spring holder*:*Default">
<Transform>
<Rotation>0.9989821340616285 -0.045107602748034215 0 0.045107602748034215 0.9989821340616285 9.851017435057983e-16 0 -9.857442362786711e-16 1</Rotation>
<Translation>-0.44435471777466623 -0.36467168206165629 7.2036914946227437e-05</Translation>
</Transform>
</Instance>
</Instance>
<Instance name="SEA system-1" uid="SEA system-1" entityUid="SEA system">
<Transform>
<Rotation>-0.08524896745966988 -0.46955931197503237 -0.87877566311578881 -0.95449314050558376 -0.21449557067338029 0.20720640648707955 -0.28578918502079126 0.85644947469131838 -0.42990561641611147</Rotation>
<Translation>0.36558633344207436 0.067975939397657698 0.10049538606379792</Translation>
</Transform>
<Instance name="spring connector-2" uid="spring connector-2" entityUid="spring connector*:*Default">
<Transform>
<Rotation>-0.957582144264155 -0.12935064980193006 -0.25749727451427806 -0.20505206744354529 0.93370412366192812 0.29351364379503514 0.20246008649506889 0.33386377289626601 -0.92062201501152463</Rotation>
<Translation>0.15908391922621393 -0.17034849854047962 0.53500332688657037</Translation>
</Transform>
</Instance>
<Instance name="Motor axis connector-1" uid="Motor axis connector-1" entityUid="Motor axis connector*:*Default">
<Transform>
<Rotation>-0.25749727451427884 -0.12935064980193101 0.95758214426415467 0.29351364379503553 0.93370412366192745 0.20505206744354657 -0.92062201501152419 0.33386377289626668 -0.20246008649506911</Rotation>
<Translation>0.15263470028738652 -0.071876593709477965 0.6045886359184216</Translation>
</Transform>
</Instance>
<Instance name="spring base-1" uid="spring base-1" entityUid="spring base*:*Default">
<Transform>
<Rotation>-0.12935064980193156 -0.95758214426415478 0.25749727451427801 0.9337041236619279 -0.20505206744354654 -0.29351364379503403 0.33386377289626512 0.20246008649506858 0.92062201501152474</Rotation>
<Translation>0.16561248268244644 -0.12982829168743704 0.60692065258718308</Translation>
</Transform>
</Instance>
<Instance name="spring connector-1" uid="spring connector-1" entityUid="spring connector*:*Default">
<Transform>
<Rotation>0.95758214426415478 -0.12935064980193017 0.2574972745142789 0.2050520674435457 0.9337041236619279 -0.29351364379503497 -0.20246008649506966 0.33386377289626601 0.9206220150115243</Rotation>
<Translation>0.17633534234002124 -0.19001289331255977 0.59668180460563791</Translation>
</Transform>
</Instance>
<Instance name="spring-2" uid="spring-2" entityUid="spring*:*Default">
<Transform>
<Rotation>0.25749727451427962 -0.12935064980193034 -0.95758214426415467 -0.29351364379503647 0.93370412366192745 -0.20505206744354643 0.92062201501152363 0.33386377289626784 0.20246008649506994</Rotation>
<Translation>0.17594729039061499 -0.18721178094157431 0.59768339592432573</Translation>
</Transform>
</Instance>
<Instance name="spring holder-1" uid="spring holder-1" entityUid="spring holder*:*Default">
<Transform>
<Rotation>-0.52688613475780155 0.12935064980192942 -0.84003536258648204 0.22051209684101597 -0.93370412366192745 -0.28208336463444672 -0.8208321485826211 -0.33386377289626745 0.46343237370808193</Rotation>
<Translation>0.15895456857641196 -0.16941479441681773 0.53533719065946683</Translation>
</Transform>
</Instance>
<Instance name="spring base-2" uid="spring base-2" entityUid="spring base*:*Default">
<Transform>
<Rotation>-0.12935064980193056 0.95758214426415489 -0.25749727451427806 0.9337041236619279 0.20505206744354579 0.29351364379503497 0.33386377289626595 -0.20246008649506875 -0.92062201501152452</Rotation>
<Translation>0.15402599960795327 -0.1166211970788476 0.56549585919836942</Translation>
</Transform>
</Instance>
<Instance name="spring holder-2" uid="spring holder-2" entityUid="spring holder*:*Default">
<Transform>
<Rotation>0.82948751425063105 -0.12935064980193028 0.54334047621921888 0.28637475609760665 0.93370412366192812 -0.21490953568128796 -0.47952055510931474 0.33386377289626512 0.8115386733699913</Rotation>
<Translation>0.17633534234002099 -0.19001289331255966 0.59668180460563791</Translation>
</Transform>
</Instance>
<Instance name="spring-1" uid="spring-1" entityUid="spring*:*Default">
<Transform>
<Rotation>0.25749727451427867 -0.12935064980192845 -0.957582144264155 -0.29351364379503653 0.9337041236619279 -0.20505206744354426 0.92062201501152385 0.33386377289626729 0.20246008649506972</Rotation>
<Translation>0.15869586727680798 -0.16754738616949394 0.5360049182052592</Translation>
</Transform>
</Instance>
</Instance>
<Instance name="Lower joint cap-6" uid="Lower joint cap-6" entityUid="Lower joint cap*:*Default">
<Transform>
<Rotation>-0.2776509877295098 -0.96068201243326479 -2.061285170329441e-15 -0.010578220340127162 0.0030572585807239587 -0.99993937537453048 0.96062377144606581 -0.27763415524236751 -0.011011156868998383</Rotation>
<Translation>-0.14497307270815168 0.057428114234290228 -0.26466180720550109</Translation>
</Transform>
</Instance>
<Instance name="Lower joint casin-4" uid="Lower joint casin-4" entityUid="Lower joint casin*:*Default">
<Transform>
<Rotation>0.69314953386108658 -0.72079381497634842 -1.2307863062055446e-15 -0.0079367737669096133 -0.007632378251017021 -0.99993937537453048 0.72075011712127468 0.69310751193020192 -0.011011156868998926</Rotation>
<Translation>-0.14497307270809123 0.050418139237163928 -0.2647389998195977</Translation>
</Transform>
</Instance>
<Instance name="upper leg cap-6" uid="upper leg cap-6" entityUid="upper leg cap*:*Default">
<Transform>
<Rotation>0.28330653875675699 0.95902940783777113 2.0438433081482388e-15 -0.010560023251685055 0.003119532740261706 0.99993937537453059 0.95897126703910707 -0.28328936340395183 0.011011156868998539</Rotation>
<Translation>-0.14497307270810017 0.050428538606668322 -0.26473888530356909</Translation>
</Transform>
</Instance>
<Instance name="Lower joint cap-5" uid="Lower joint cap-5" entityUid="Lower joint cap*:*Default">
<Transform>
<Rotation>0.27765098772944818 -0.96068201243328266 1.3591558434278284e-15 0.010578220340128508 0.0030572585807228806 0.99993937537453059 -0.96062377144608369 -0.27763415524230584 0.011011156868999379</Rotation>
<Translation>-0.14497307270818016 0.068406648624402461 -0.26454091351201287</Translation>
</Transform>
</Instance>
<Instance name="motor axle-3" uid="motor axle-3" entityUid="motor axle*:*Default">
<Transform>
<Rotation>0.68532319576184086 -0.72823905233843211 -2.0469737016526324e-15 -0.0080187544434306094 -0.0075462012144954325 -0.9999393753745307 0.72819490311863189 0.68528164829977223 -0.011011156868998393</Rotation>
<Translation>-0.14497307270809076 0.1144038598916306 -0.26403440029601327</Translation>
</Transform>
</Instance>
<Instance name="motor body-3" uid="motor body-3" entityUid="motor body*:*Default">
<Transform>
<Rotation>-0.23416404429733015 0.97219709954222644 2.1032575872004433e-15 -0.010705014770643936 -0.0025784170248389694 0.99993937537453059 0.97213816045718449 0.23414984818984624 0.011011156868998112</Rotation>
<Translation>-0.1449730727080879 0.12540319302075043 -0.26391327757045352</Translation>
</Transform>
</Instance>
<Instance name="upper leg cap-5" uid="upper leg cap-5" entityUid="upper leg cap*:*Default">
<Transform>
<Rotation>0.97219709954222833 -0.23416404429732265 -2.0478410633906208e-15 -0.0025784170248388748 -0.010705014770644143 -0.99993937537453048 0.23414984818983869 0.97213816045718615 -0.011011156868998289</Rotation>
<Translation>-0.14497307270809107 0.075406224252023868 -0.26446383541390439</Translation>
</Transform>
</Instance>
<Instance name="bearing-6" uid="bearing-6" entityUid="bearing*:*Default">
<Transform>
<Rotation>-2.0413390608429238e-15 0.99901838679657762 -0.044297436069862889 -0.9999393753745307 -0.00048776601746173284 -0.011000348172030865 -0.01101115686899852 0.04429475055439188 0.99895782168104108</Rotation>
<Translation>-0.14497307270809245 0.046923551108105505 -0.26477748161062403</Translation>
</Transform>
</Instance>
<Instance name="upperleg-1" uid="upperleg-1" entityUid="upperleg*:*Default">
<Transform>
<Rotation>-9.5449445989061836e-16 0.72486536354045727 -0.68889056078550004 -0.9999393753745307 -0.0075854820303828405 -0.0079816062268476349 -0.011011156868999457 0.68884879705326318 0.72482141884927687</Rotation>
<Translation>-0.0724865363540457 0.06215883322630758 -0.19571648065340885</Translation>
</Transform>
</Instance>
<Instance name="Lower joint casin-3" uid="Lower joint casin-3" entityUid="Lower joint casin*:*Default">
<Transform>
<Rotation>-0.6931495338610868 -0.7207938149763482 1.3473518325435536e-15 0.0079367737669099585 -0.0076323782510171962 0.9999393753745307 -0.72075011712127457 0.69310751193020226 0.011011156868999299</Rotation>
<Translation>-0.14497307270809134 0.075416623621527901 -0.2644637208978729</Translation>
</Transform>
</Instance>
<Instance name="upper leg casin-5" uid="upper leg casin-5" entityUid="upper leg casin*:*Default">
<Transform>
<Rotation>0.68889056078549837 0.72486536354045883 -1.3643600138557588e-15 0.0079816062268473088 -0.0075854820303830582 -0.99993937537453048 -0.72482141884927831 0.6888487970532613 -0.01101115686899937</Rotation>
<Translation>-0.14497307270809134 0.1024149867566399 -0.2641664196624095</Translation>
</Transform>
</Instance>
<Instance name="bearing-4" uid="bearing-4" entityUid="bearing*:*Default">
<Transform>
<Rotation>9.4019657682819008e-16 -0.51005462194018536 0.86014201306380467 0.99993937537453048 -0.0094711586354621416 -0.005616291453942452 0.011011156868999556 0.86008986727641223 0.51002370006976128</Rotation>
<Translation>-6.6613381477509392e-16 0.045406454702028698 -0.12700772219997183</Translation>
</Transform>
</Instance>
<Instance name="bearing-5" uid="bearing-5" entityUid="bearing*:*Default">
<Transform>
<Rotation>-1.3612328726385115e-15 0.99541274679097924 0.09567373477625768 -0.9999393753745307 0.0010534785018630585 -0.010960645904317147 -0.011011156868999367 -0.095667934591919648 0.99535240026601768</Rotation>
<Translation>-0.14497307270809257 0.078911211750586685 -0.26442523910684712</Translation>
</Transform>
</Instance>
</Instance>
<Instance name="body-1" uid="body-1" entityUid="body*:*Default">
<Transform>
<Rotation>1 0 0 0 -3.4914813388431334e-15 -1 0 1 -3.4914813388431334e-15</Rotation>
<Translation>0 0 0</Translation>
</Transform>
</Instance>
<Instance name="Leg_model_right-2" uid="Leg_model_right-2" entityUid="Leg_model_right">
<Transform>
<Rotation>0 1 0 -1 0 -3.4910480391140518e-15 -3.4910480391140518e-15 0 1</Rotation>
<Translation>0.11499999999999996 -0.24749999999999964 -0.087500000000000869</Translation>
</Transform>
<Instance name="motor body-3" uid="motor body-3" entityUid="motor body*:*Default">
<Transform>
<Rotation>-0.094160237938307551 0.99555705491518753 -4.3710551667136018e-16 0.010453258080621681 0.00098867389191085835 0.99994487444030411 0.99550217427532572 0.094155047302490066 -0.010499908597917822</Rotation>
<Translation>-0.1630195163008453 0.11992754019665566 -0.24463745109453511</Translation>
</Transform>
</Instance>
<Instance name="bearing-6" uid="bearing-6" entityUid="bearing*:*Default">
<Transform>
<Rotation>8.8328158171474166e-16 0.99901838679646515 -0.04429743607240022 -0.99994487444030422 0.00046511902988315742 0.01048960174900149 0.010499908597917119 0.044294994151443619 0.99896331534874638</Rotation>
<Translation>-0.16301951630084155 0.041447466693133039 -0.24381337206817183</Translation>
</Transform>
</Instance>
<Instance name="Lower joint casin-4" uid="Lower joint casin-4" entityUid="Lower joint casin*:*Default">
<Transform>
<Rotation>0.75011922278999454 -0.66130261726454298 1.247018109622776e-15 0.0069436170368425039 0.0078761832768353152 -0.99994487444030433 0.66126616258763782 0.75007787204799958 0.010499908597917875</Rotation>
<Translation>-0.16301951630084299 0.044942074040327212 -0.24385006714873997</Translation>
</Transform>
</Instance>
<Instance name="lower leg main-1" uid="lower leg main-1" entityUid="lower leg main*:*Default">
<Transform>
<Rotation>1.3084647670973257e-15 -0.66130261726454387 -0.75011922278999377 -0.999944874440304 0.0078761832768341321 -0.0069436170368415619 0.010499908597916366 0.75007787204799881 -0.66126616258763871</Rotation>
<Translation>-0.0043068881573515572 0.055551100984391061 -0.4240000052977333</Translation>
</Transform>
</Instance>
<Instance name="bearing-4" uid="bearing-4" entityUid="bearing*:*Default">
<Transform>
<Rotation>0 7.647373590151465e-05 0.99999999707588383 0.99994487444030411 0.010499908567215523 -8.0296723711223105e-07 -0.010499908597918472 0.99994487151634903 -7.6469520244020961e-05</Rotation>
<Translation>7.4940054162198066e-16 0.042664035842486125 -0.12795502206894122</Translation>
</Transform>
</Instance>
<Instance name="Lower joint cap-5" uid="Lower joint cap-5" entityUid="Lower joint cap*:*Default">
<Transform>
<Rotation>0.19764525474522779 -0.98027361143544733 -8.7155884631604059e-16 -0.010292783321022738 -0.0020752571096379095 0.99994487444030422 -0.98021957330396159 -0.19763435943993862 -0.010499908597917723</Rotation>
<Translation>-0.16301951630085032 0.062930682353558282 -0.24403895630445499</Translation>
</Transform>
</Instance>
<Instance name="upper leg cap-5" uid="upper leg cap-5" entityUid="upper leg cap*:*Default">
<Transform>
<Rotation>0.99555705491518887 -0.094160237938292674 1.031167170081107e-15 0.00098867389191134385 0.010453258080622174 -0.99994487444030411 0.094155047302475162 0.99550217427532717 0.010499908597918358</Rotation>
<Translation>-0.16301951630084982 0.069930296474640469 -0.2441124556646404</Translation>
</Transform>
</Instance>
<Instance name="upper leg casin-5" uid="upper leg casin-5" entityUid="upper leg casin*:*Default">
<Transform>
<Rotation>0.57932368553856095 0.81509758150421396 1.0746435815550174e-15 -0.0085584501041776982 0.0060828457467647992 -0.99994487444030411 -0.81505264879382644 0.57929174999615063 0.01049990859791807</Rotation>
<Translation>-0.16301951630084288 0.096939207511223008 -0.24439606239583123</Translation>
</Transform>
</Instance>
<Instance name="Lower joint cap-6" uid="Lower joint cap-6" entityUid="Lower joint cap*:*Default">
<Transform>
<Rotation>-0.19764525474525715 -0.98027361143544123 8.7213222754733977e-16 0.010292783321022717 -0.0020752571096382278 -0.999944874440304 0.98021957330395559 -0.19763435943996807 0.010499908597917766</Rotation>
<Translation>-0.16301951630083455 0.051952087588103296 -0.2439236757079728</Translation>
</Transform>
</Instance>
<Instance name="upper leg cap-6" uid="upper leg cap-6" entityUid="upper leg cap*:*Default">
<Transform>
<Rotation>0.41623336937658839 0.90925781944254547 -5.5540587166798805e-16 0.009547123996089972 -0.0043704123338574735 0.99994487444030433 0.90920769609634078 -0.41621042427913729 -0.010499908597918862</Rotation>
<Translation>-0.16301951630082862 0.04495247346702122 -0.24385017634778566</Translation>
</Transform>
</Instance>
<Instance name="SEA system-1" uid="SEA system-1" entityUid="SEA system">
<Transform>
<Rotation>-0.093740082077755568 -0.48668977385397805 -0.86853086360705645 -0.93579332034447338 -0.25472263489447361 0.24373600651336397 -0.33985829195522299 0.83561321393236732 -0.43156331875044485</Rotation>
<Translation>-0.42497708311314353 0.47878274713502422 0.13805521574307983</Translation>
</Transform>
<Instance name="spring base-2" uid="spring base-2" entityUid="spring base*:*Default">
<Transform>
<Rotation>-0.20030010250729993 0.93217325321215416 -0.30155081649936577 0.94661796044991731 0.26348245553615945 0.18571869205406938 0.25257534695453476 -0.24825394583068522 -0.93518750659442174</Rotation>
<Translation>0.50381459470596823 -0.38729388302551093 -0.20027814746650302</Translation>
</Transform>
</Instance>
<Instance name="spring connector-2" uid="spring connector-2" entityUid="spring connector*:*Default">
<Transform>
<Rotation>-0.93217325321215549 -0.20030010250729893 -0.30155081649936266 -0.26348245553615801 0.94661796044991753 0.1857186920540706 0.24825394583068228 0.25257534695453493 -0.93518750659442251</Rotation>
<Translation>0.5127158419774196 -0.44299467300036088 -0.22597230620326952</Translation>
</Transform>
</Instance>
<Instance name="spring-1" uid="spring-1" entityUid="spring*:*Default">
<Transform>
<Rotation>0.30155081649936577 -0.20030010250730415 -0.9321732532121535 -0.18571869205407254 0.94661796044991542 -0.26348245553616445 0.93518750659442107 0.25257534695453915 0.24825394583068322</Rotation>
<Translation>0.51211494166989913 -0.44015481911901194 -0.2252145801624072</Translation>
</Transform>
</Instance>
<Instance name="Motor axis connector-1" uid="Motor axis connector-1" entityUid="Motor axis connector*:*Default">
<Transform>
<Rotation>-0.30155081649936194 -0.20030010250729954 0.93217325321215538 0.18571869205407232 0.94661796044991708 0.26348245553615879 -0.93518750659442229 0.25257534695453665 -0.24825394583068094</Rotation>
<Translation>0.49951333534550951 -0.33941790137103051 -0.16532603759171355</Translation>
</Transform>
</Instance>
<Instance name="spring base-1" uid="spring base-1" entityUid="spring base*:*Default">
<Transform>
<Rotation>-0.20030010250730013 -0.93217325321215416 0.30155081649936594 0.94661796044991742 -0.26348245553615968 -0.1857186920540696 0.25257534695453521 0.24825394583068519 0.93518750659442174</Rotation>
<Translation>0.5173833341734444 -0.39565057917369517 -0.15819795754188024</Translation>
</Transform>
</Instance>
<Instance name="spring holder-2" uid="spring holder-2" entityUid="spring holder*:*Default">
<Transform>
<Rotation>0.50523940229674746 -0.2003001025073019 0.83941230352097529 0.32067775552274957 0.94661796044991697 0.032866610207489599 -0.80118594812921984 0.25257534695453515 0.54250047984410033</Rotation>
<Translation>0.53291869940788372 -0.45543718037373521 -0.1633179911335681</Translation>
</Transform>
</Instance>
<Instance name="spring connector-1" uid="spring connector-1" entityUid="spring connector*:*Default">
<Transform>
<Rotation>0.93217325321215494 -0.20030010250729977 0.30155081649936327 0.26348245553615846 0.94661796044991786 -0.18571869205406893 -0.24825394583068303 0.25257534695453365 0.93518750659442262</Rotation>
<Translation>0.5329186994078825 -0.45543718037373443 -0.16331799113356713</Translation>
</Transform>
</Instance>
<Instance name="spring-2" uid="spring-2" entityUid="spring*:*Default">
<Transform>
<Rotation>0.30155081649936605 -0.20030010250730459 -0.93217325321215327 -0.18571869205407243 0.94661796044991509 -0.26348245553616506 0.93518750659442107 0.25257534695453926 0.2482539458306833</Rotation>
<Translation>0.53231779910036203 -0.45259732649238621 -0.1625602650927068</Translation>
</Transform>
</Instance>
<Instance name="spring holder-1" uid="spring holder-1" entityUid="spring holder*:*Default">
<Transform>
<Rotation>-0.82929122281931178 0.20030010250729802 -0.52168566847328335 -0.026539822702520033 -0.94661796044991742 -0.32126324838760717 -0.55818608506999645 -0.25257534695453648 0.7903378951720752</Rotation>
<Translation>0.51251554187491277 -0.44204805503991146 -0.22571973085631425</Translation>
</Transform>
</Instance>
</Instance>
<Instance name="SEA system-3" uid="SEA system-3" entityUid="SEA system">
<Transform>
<Rotation>-0.084184745527556434 0.68971255232003159 0.71917280523713367 0.96600261553128541 0.23354040913059737 -0.11089555486956501 -0.24444196736071341 0.68538709681121135 -0.68592466941896979</Rotation>
<Translation>-0.52130578640788805 0.032290382822680375 0.33077244708804232</Translation>
</Transform>
<Instance name="spring base-1" uid="spring base-1" entityUid="spring base*:*Default">
<Transform>
<Rotation>-0.20434595262269994 -0.96851598241122028 0.14219537074303776 0.96064271435008164 -0.22633103321412015 -0.16105849487169593 0.18817095156486979 0.10368729535607306 0.97664765282516985</Rotation>
<Translation>0.10819863418864056 -0.0052803032826526652 0.6983742036723275</Translation>
</Transform>
</Instance>
<Instance name="spring connector-2" uid="spring connector-2" entityUid="spring connector*:*Default">
<Transform>
<Rotation>-0.96851598241121983 -0.20434595262269944 -0.14219537074304139 -0.2263310332141204 0.96064271435008153 0.16105849487169621 0.10368729535607658 0.1881709515648709 -0.97664765282516919</Rotation>
<Translation>0.11270129037635629 -0.054860792495474819 0.63220689893036175</Translation>
</Transform>
</Instance>
<Instance name="spring connector-1" uid="spring connector-1" entityUid="spring connector*:*Default">
<Transform>
<Rotation>0.96851598241121961 -0.20434595262270072 0.14219537074304206 0.22633103321412165 0.96064271435008164 -0.16105849487169416 -0.10368729535607753 0.18817095156486952 0.97664765282516963</Rotation>
<Translation>0.12222788637680015 -0.065651152301595794 0.69763889980794536</Translation>
</Transform>
</Instance>
<Instance name="spring holder-1" uid="spring holder-1" entityUid="spring holder*:*Default">
<Transform>
<Rotation>0.5146224821383848 0.20434595262269994 -0.83271029327398671 0.26894444251857419 -0.96064271435008153 -0.069530297025691357 -0.81414531117982936 -0.18817095156487035 -0.54932604641603333</Rotation>
<Translation>0.11249694442373354 -0.053900149781124868 0.63239506988192662</Translation>
</Transform>
</Instance>
<Instance name="spring-2" uid="spring-2" entityUid="spring*:*Default">
<Transform>
<Rotation>0.14219537074304314 -0.20434595262270119 -0.96851598241121928 -0.1610584948716948 0.96064271435008131 -0.22633103321412229 0.97664765282516952 0.18817095156486993 0.10368729535607819</Rotation>
