<?xml version="1.0" encoding="UTF-8" standalone="no" ?>
<SimscapeMultibodyImportXML version="2.0" xmlns="urn:mathworks:SimscapeMultibody:import" xmlns:xsi="http://www.w3.org/2001/XMLSchema-instance">
<Created by="" on="10/21/18||08:37:58" using="Simscape Multibody Link Version 5.1" from="SolidWorks 25.4.0"/>
<ModelUnits mass="kilogram" length="millimeter"/>
<DataUnits mass="kilogram" length="meter"/>
<RootAssembly name="Leg_model_right" uid="Leg_model_right" version="4228">
<AssemblyFile name="Leg_model_right.SLDASM" type="SolidWorks Assembly"/>
<InstanceTree>
<Instance name="upper leg cap-2" uid="upper leg cap-2" entityUid="upper leg cap*:*Default">
<Transform>
<Rotation>-1.1113724957085845e-15 5.0468124348291164e-16 0.99999999999999967 0.89543299736754356 0.44519630189993348 7.7047738178733243e-16 -0.44519630189993348 0.89543299736754356 -9.4668716368984652e-16</Rotation>
<Translation>-0.23967968654426294 0.0003422853703627291 -0.041933995896749968</Translation>
</Transform>
</Instance>
<Instance name="Lower joint cap-3" uid="Lower joint cap-3" entityUid="Lower joint cap*:*Default">
<Transform>
<Rotation>0.6898740643256267 0.72392939943812273 1.8630930131990908e-15 -0.037753904019873122 0.035977871917574407 -0.99863919183233585 -0.72294427039855524 0.6889352780642326 0.052151361789115162</Rotation>
<Translation>-0.2001796865442628 -0.092927866138217005 -0.15973012842055856</Translation>
</Transform>
</Instance>
<Instance name="bearing-1" uid="bearing-1" entityUid="bearing*:*Default">
<Transform>
<Rotation>1 -3.2538470536871266e-16 -1.5032539301890803e-16 0 -0.4220671404431211 0.9065645751727599 -3.5842965595778285e-16 -0.9065645751727599 -0.4220671404431211</Rotation>
<Translation>-0.23118488654426297 0.00034228537036273344 -0.041933995896749968</Translation>
</Transform>
</Instance>
<Instance name="SEA system hip-1" uid="SEA system hip-1" entityUid="SEA system hip" rigid="true">
<Transform>
<Rotation>-2.1979880109959965e-15 -1.4006385605637869e-15 1 -0.052151361789116224 0.99863919183233596 1.2841044922010346e-15 -0.99863919183233596 -0.052151361789116224 -2.2680421792659547e-15</Rotation>
<Translation>-0.20025172345920808 0.00034228537036266275 -0.041933995896749968</Translation>
</Transform>
<Instance name="spring connector hip-2" uid="spring connector hip-2" entityUid="spring connector hip*:*Default">
<Transform>
<Rotation>0 1.6653345369377341e-16 -1 0 1 1.6653345369377341e-16 1 0 0</Rotation>
<Translation>-0.023498263518223268 -0.14000984807753017 7.2036914945172725e-05</Translation>
</Transform>
</Instance>
<Instance name="spring holder-1" uid="spring holder-1" entityUid="spring holder*:*Default">
<Transform>
<Rotation>1 0 0 0 -1 0 0 0 -1</Rotation>
<Translation>0.023498263518223247 -0.13900984807753017 7.2036914945172725e-05</Translation>
</Transform>
</Instance>
<Instance name="spring-1" uid="spring-1" entityUid="spring*:*Default">
<Transform>
<Rotation>0 0 -1.0000000000000002 0 1.0000000000000002 0 1 0 0</Rotation>
<Translation>0.023498263518223247 -0.13700984807753017 7.2036914945172725e-05</Translation>
</Transform>
</Instance>
<Instance name="spring connector hip-1" uid="spring connector hip-1" entityUid="spring connector hip*:*Default">
<Transform>
<Rotation>0 0 1 0 1 0 -1 0 0</Rotation>
<Translation>0.023498263518223247 -0.14000984807753017 7.203691494514497e-05</Translation>
</Transform>
</Instance>
<Instance name="spring holder-2" uid="spring holder-2" entityUid="spring holder*:*Default">
<Transform>
<Rotation>1 0 0 0 1 0 0 0 1</Rotation>
<Translation>-0.023498263518223272 -0.14000984807753017 7.2036914945172725e-05</Translation>
</Transform>
</Instance>
<Instance name="spring-2" uid="spring-2" entityUid="spring*:*Default">
<Transform>
<Rotation>-1 1.9428902930940235e-16 0 1.942890293094023e-16 1 0 0 0 -1</Rotation>
<Translation>-0.023498263518223268 -0.13700984807753017 7.2036914945172725e-05</Translation>
</Transform>
</Instance>
<Instance name="Motor axis connector-1" uid="Motor axis connector-1" entityUid="Motor axis connector*:*Default">
<Transform>
<Rotation>1 0 0 0 1 0 0 0 1</Rotation>
<Translation>0 0 0</Translation>
</Transform>
</Instance>
</Instance>
<Instance name="Lower joint cap-2" uid="Lower joint cap-2" entityUid="Lower joint cap*:*Default">
<Transform>
<Rotation>-1.4512311517030569e-15 6.9750012637783715e-16 -0.99999999999999989 0.83877122844688978 -0.54448400006767461 -1.5970285947322812e-15 -0.54448400006767461 -0.83877122844688978 2.0512910465829938e-16</Rotation>
<Translation>-0.23467968654426291 0.0003422853703536166 -0.041933995896750051</Translation>
</Transform>
</Instance>
<Instance name="Ball bearing filler small-2" uid="Ball bearing filler small-2" entityUid="Ball bearing filler small*:*Default">
<Transform>
<Rotation>1.7763341193255774e-15 1.103183326270273e-15 1 -0.055168473409198684 -0.99847706009787651 1.199500885991204e-15 0.99847706009787651 -0.055168473409198684 -1.712767929214943e-15</Rotation>
<Translation>-0.17267968654426283 0.00034228537036279144 -0.041933995896750065</Translation>
</Transform>
</Instance>
<Instance name="upper leg cap-8" uid="upper leg cap-8" entityUid="upper leg cap*:*Default">
<Transform>
<Rotation>1.3738782728989598e-15 2.0607506850095161e-15 0.99999999999999989 -0.055168473409198823 -0.99847706009787662 2.1334070525288899e-15 0.99847706009787662 -0.055168473409198823 -1.2580974694875675e-15</Rotation>
<Translation>-0.16567968654426282 0.00034228537036279984 -0.041933995896750079</Translation>
</Transform>
</Instance>
<Instance name="upper leg cap-4" uid="upper leg cap-4" entityUid="upper leg cap*:*Default">
<Transform>
<Rotation>1 1.0727221668623276e-14 8.6235163704843196e-16 3.0173892366491839e-16 0.052151361789116238 -0.99863919183233596 -1.0757596789973423e-14 0.99863919183233596 0.052151361789116238</Rotation>
<Translation>-0.2001796865442646 -0.031012236244612572 -0.16296351285148128</Translation>
</Transform>
</Instance>
<Instance name="Ball bearing filler-1" uid="Ball bearing filler-1" entityUid="Ball bearing filler*:*Default">
<Transform>
<Rotation>0 1 -1.0697592697722848e-15 0.052151361789323405 1.0675373256482128e-15 0.99863919183232508 0.99863919183232508 0 -0.052151361789323405</Rotation>
<Translation>-0.23467968654426291 0.00034228537035361708 -0.041933995896750051</Translation>
</Transform>
</Instance>
<Instance name="bearing-3" uid="bearing-3" entityUid="bearing*:*Default">
<Transform>
<Rotation>-4.876679956107836e-16 -0.78206512189488508 0.62319671462190684 0.99863919183233585 0.032500557330034499 0.040785761114588738 -0.052151361789114947 0.62234866344258788 0.78100088128936529</Rotation>
<Translation>-0.20017968654426388 -0.089437821890601302 -0.15991238699973781</Translation>
</Transform>
</Instance>
<Instance name="Lower joint cap-1" uid="Lower joint cap-1" entityUid="Lower joint cap*:*Default">
<Transform>
<Rotation>-2.0373107440129873e-15 -4.5646338681159107e-16 -0.99999999999999978 0.83877122844689589 -0.54448400006766506 -1.460300624748224e-15 -0.54448400006766506 -0.83877122844689589 1.4921514589780111e-15</Rotation>
<Translation>-0.16067968654426287 0.00034228537035372908 -0.041933995896750176</Translation>
</Transform>
</Instance>
<Instance name="hip joint casin-2" uid="hip joint casin-2" entityUid="hip joint casin*:*Default">
<Transform>
<Rotation>3.056366187278433e-16 1.9514326660127129e-16 -0.99999999999999989 0.052151361789116446 0.99863919183233574 2.1081707992949361e-16 0.99863919183233574 -0.052151361789116446 2.9504371882350826e-16</Rotation>
<Translation>-0.2226796865442629 0.00034228537036258712 -0.041933995896750002</Translation>
</Transform>
</Instance>
<Instance name="bearing-2" uid="bearing-2" entityUid="bearing*:*Default">
<Transform>
<Rotation>1 1.5579668053894199e-15 1.4056699337267249e-15 1.199500885991204e-15 0.11855636333230044 -0.99294732423901511 -1.7127679292149424e-15 0.99294732423901511 0.11855636333230041</Rotation>
<Translation>-0.16917448654426295 0.00034228537036278727 -0.041933995896750058</Translation>
</Transform>
</Instance>
<Instance name="hip-1" uid="hip-1" entityUid="hip*:*Default">
<Transform>
<Rotation>1 -1.7167890229175553e-15 -9.1229575782333636e-16 8.2152141285500844e-16 -0.052151361789116515 0.99863919183233596 -1.7620302685179342e-15 -0.99863919183233596 -0.052151361789116515</Rotation>
<Translation>-0.20017968654426288 -0.053259677841090265 -0.06166543121904898</Translation>
</Transform>
</Instance>
<Instance name="hip joint casin-1" uid="hip joint casin-1" entityUid="hip joint casin*:*Default">
<Transform>
<Rotation>-1.6599749545812166e-15 -1.0054119628469173e-15 1 -0.052151361789116016 0.99863919183233607 9.1747383561877204e-16 -0.99863919183233607 -0.052151361789116016 -1.7101496501264401e-15</Rotation>
<Translation>-0.17767968654426294 0.00034228537036263152 -0.041933995896750065</Translation>
</Transform>
</Instance>
<Instance name="upper leg cap-1" uid="upper leg cap-1" entityUid="upper leg cap*:*Default">
<Transform>
<Rotation>-6.0652459211063433e-16 5.3365930886815924e-16 0.99999999999999989 0.8954329973675399 0.44519630189994064 3.0551898270816749e-16 -0.44519630189994064 0.8954329973675399 -7.4787865993193243e-16</Rotation>
<Translation>-0.22767968654426296 0.00034228537036272693 -0.041933995896749968</Translation>
</Transform>
</Instance>
<Instance name="upper leg casin-2" uid="upper leg casin-2" entityUid="upper leg casin*:*Default">
<Transform>
<Rotation>1.1044206411266651e-15 -2.6938160849449738e-15 -1 -0.055168473409198435 0.99847706009787651 -2.7506427657127946e-15 0.99847706009787651 0.055168473409198435 9.541249538120097e-16</Rotation>
<Translation>-0.18267968654426184 0.00034228537036372559 -0.041933995896752112</Translation>
</Transform>
<VisualProperties>
<Ambient r="1" g="1" b="1" a="1"/>
<Diffuse r="1" g="1" b="1" a="1"/>
<Specular r="0.69999998807907104" g="0.69999998807907104" b="0.69999998807907104" a="1"/>
<Emissive r="0.29999999999999999" g="0.29999999999999999" b="0.29999999999999999" a="1"/>
<Shininess>0.10000000149011612</Shininess>
</VisualProperties>
</Instance>
<Instance name="motor body-1" uid="motor body-1" entityUid="motor body*:*Default">
<Transform>
<Rotation>-1.1667847635185901e-15 -2.5884200979961481e-15 1 0.05516847340922159 0.99847706009787529 2.6488478239459083e-15 -0.99847706009787529 0.05516847340922159 -1.0222086350968413e-15</Rotation>
<Translation>-0.12867968654426296 0.00034228537036387754 -0.041933995896750106</Translation>
</Transform>
</Instance>
<Instance name="motor axle-1" uid="motor axle-1" entityUid="motor axle*:*Default">
<Transform>
<Rotation>-2.1491741885181869e-15 -1.2722906795596431e-15 1 -0.041361179524863269 0.99914426026891245 1.1823095504341484e-15 -0.99914426026891245 -0.041361179524863269 -2.1999584979811222e-15</Rotation>
<Translation>-0.13967968654426299 0.00034228537036273495 -0.041933995896750093</Translation>
</Transform>
</Instance>
<Instance name="Ball bearing filler-2" uid="Ball bearing filler-2" entityUid="Ball bearing filler*:*Default">
<Transform>
<Rotation>2.4126155714334736e-15 1 -3.2629821239486685e-15 0.052151361789311443 3.1327206436990702e-15 0.99863919183232552 0.99863919183232552 -2.5795014257165117e-15 -0.052151361789311443</Rotation>
<Translation>-0.17267968654426294 0.0003422853703537383 -0.041933995896750141</Translation>
</Transform>
</Instance>
<Instance name="Ball bearing filler small-1" uid="Ball bearing filler small-1" entityUid="Ball bearing filler small*:*Default">
<Transform>
<Rotation>-6.6527106592503049e-16 -4.262049016016776e-16 -1 0.89543299736754378 -0.4451963018999332 -4.0596081857846042e-16 -0.4451963018999332 -0.89543299736754378 6.7781415084478237e-16</Rotation>
<Translation>-0.22767968654426293 0.00034228537036273625 -0.041933995896749982</Translation>
</Transform>
</Instance>
<Instance name="upper leg cap-7" uid="upper leg cap-7" entityUid="upper leg cap*:*Default">
<Transform>
<Rotation>1.3375101360431965e-16 1.9255898694070829e-15 -1 -0.83712226243616072 -0.54701582950931493 -1.1652940908200275e-15 -0.54701582950931493 0.83712226243616072 1.5387902263477312e-15</Rotation>
<Translation>-0.17267968654426286 0.00034228537036279388 -0.041933995896750065</Translation>
</Transform>
</Instance>
<Instance name="upper leg casin-7" uid="upper leg casin-7" grounded="true" entityUid="upper leg casin*:*Default">
<Transform>
<Rotation>-8.5229336595108175e-16 9.613760169795772e-16 0.99999999999999989 0.062165191567536804 0.99806587405710434 -9.0653361431816809e-16 -0.99806587405710434 0.062165191567536776 -9.1040904750501154e-16</Rotation>
<Translation>-0.21767968654426295 0.00034228537036276661 -0.041933995896750051</Translation>
</Transform>
<VisualProperties>
<Ambient r="1" g="1" b="1" a="1"/>
<Diffuse r="1" g="1" b="1" a="1"/>
<Specular r="0.69999998807907104" g="0.69999998807907104" b="0.69999998807907104" a="1"/>
<Emissive r="0.29999999999999999" g="0.29999999999999999" b="0.29999999999999999" a="1"/>
<Shininess>0.10000000149011612</Shininess>
</VisualProperties>
</Instance>
<Instance name="Lower joint casin-1" uid="Lower joint casin-1" entityUid="Lower joint casin*:*Default">
<Transform>
<Rotation>0.68987406432562159 0.72392939943812773 1.5920912495013567e-15 -0.037753904019873753 0.035977871917574109 -0.99863919183233596 -0.72294427039856035 0.6889352780642275 0.052151361789115412</Rotation>
<Translation>-0.20017968654426388 -0.080944195836228944 -0.16035594476202658</Translation>
</Transform>
</Instance>
<Instance name="motor axle-2" uid="motor axle-2" entityUid="motor axle*:*Default">
<Transform>
<Rotation>0.68201404724417425 0.73133907277105148 8.54360206967929e-16 -0.03814032857459939 0.035567961323091028 -0.99863919183233596 -0.73034386058749279 0.6810859569582226 0.052151361789116335</Rotation>
<Translation>-0.20017968654426233 -0.11889248512585775 -0.1583741930140416</Translation>
</Transform>
</Instance>
<Instance name="upper leg cap-3" uid="upper leg cap-3" entityUid="upper leg cap*:*Default">
<Transform>
<Rotation>0.99999999999999989 -6.564246884365949e-15 -8.4086812712522731e-16 4.9738945277024223e-16 -0.05215136178911884 0.99863919183233574 -6.5991666215057857e-15 -0.99863919183233585 -0.052151361789118819</Rotation>
<Translation>-0.20017968654426413 -0.085937391795391158 -0.16009518795308036</Translation>
</Transform>
</Instance>
<Instance name="motor body-2" uid="motor body-2" entityUid="motor body*:*Default">
<Transform>
<Rotation>1 6.0942085833626714e-15 9.7800386222671414e-16 6.5885170993369134e-16 0.052151361789118465 -0.99863919183233585 -6.1369197677971213e-15 0.99863919183233585 0.052151361789118465</Rotation>
<Translation>-0.20017968654426418 -0.12987751623601393 -0.15780052803435901</Translation>
</Transform>
</Instance>
<Instance name="upper leg casin-3" uid="upper leg casin-3" entityUid="upper leg casin*:*Default">
<Transform>
<Rotation>-1 -2.6218635484514916e-16 -8.4290681878427927e-16 -8.5543315974839725e-16 0.052151361789118465 0.99863919183233585 -2.178708310510921e-16 0.99863919183233585 -0.052151361789118465</Rotation>
<Translation>-0.20017968654426294 -0.075950999877067882 -0.16061670157097299</Translation>
</Transform>
</Instance>
<Instance name="Lower joint cap-4" uid="Lower joint cap-4" entityUid="Lower joint cap*:*Default">
<Transform>
<Rotation>-0.9718782826226442 -0.23548376539893365 -6.7775117079213153e-16 -0.012280799044783689 0.050684775932037775 0.99863919183233585 -0.23516331716762651 0.97055574271767597 -0.052151361789115662</Rotation>
<Translation>-0.20017968654426507 -0.024021761901785732 -0.16332857238400478</Translation>
</Transform>
</Instance>
<Instance name="Lower joint casin-2" uid="Lower joint casin-2" entityUid="Lower joint casin*:*Default">
<Transform>
<Rotation>-0.68987406432561948 0.7239293994381294 -1.8037188557287381e-16 0.037753904019874607 0.035977871917572804 0.99863919183233596 0.72294427039856202 0.68893527806422594 -0.052151361789115114</Rotation>
<Translation>-0.20017968654426449 -0.0360054322037738 -0.16270275604253612</Translation>
</Transform>
<VisualProperties>
<Ambient r="0.792156862745098" g="0.81960784313725488" b="0.93333333333333335" a="1"/>
<Diffuse r="0.792156862745098" g="0.81960784313725488" b="0.93333333333333335" a="1"/>
<Specular r="0.396078431372549" g="0.40980392156862744" b="0.46666666666666667" a="1"/>
<Emissive r="0" g="0" b="0" a="1"/>
<Shininess>0.40000000596046448</Shininess>
</VisualProperties>
</Instance>
<Instance name="bearing-4" uid="bearing-4" entityUid="bearing*:*Default">
<Transform>
<Rotation>-1.9613153831224749e-16 0.97182574784647524 -0.23570047904626529 -0.99863919183233585 0.012292100956609292 0.050682036171918764 0.052151361789114926 0.23537973590925673 0.97050327943125936</Rotation>
<Translation>-0.20017968654426446 -0.027511806149401415 -0.16314631380482489</Translation>
</Transform>
</Instance>
<Instance name="SEA system-4" uid="SEA system-4" entityUid="SEA system" rigid="true">
<Transform>
<Rotation>-0.68987406432562637 0.72392939943812318 -8.3354352525620761e-16 0.037753904019874648 0.035977871917574428 0.99863919183233596 0.72294427039855547 0.68893527806423227 -0.052151361789116293</Rotation>
<Translation>-0.20017968654426238 -0.058546752906524467 -0.1615255935790699</Translation>
</Transform>
<Instance name="spring base-1" uid="spring base-1" entityUid="spring base*:*Default">
<Transform>
<Rotation>3.8857805861880479e-16 -4.7878367936959876e-16 -1 1 -9.8532293435482643e-16 6.6613381477509392e-16 -9.7144514654701197e-16 -1.0000000000000002 5.0653925498522767e-16</Rotation>
<Translation>-0.012498263518223279 -0.055009848077530343 7.2036914945262931e-05</Translation>
</Transform>
</Instance>
<Instance name="spring-2" uid="spring-2" entityUid="spring*:*Default">
<Transform>
<Rotation>-0.99999999999999989 3.8857805861880479e-16 -7.0082828429463007e-16 4.9960036108132044e-16 1 -2.4771851236948805e-15 7.0776717819853729e-16 -2.4633073358870661e-15 -1.0000000000000002</Rotation>
<Translation>-0.023498263518223289 -0.11300984807753012 7.203691494539477e-05</Translation>
</Transform>
</Instance>
<Instance name="spring-1" uid="spring-1" entityUid="spring*:*Default">
<Transform>
<Rotation>-1 -3.8857805861880479e-16 0 -3.8857805861880479e-16 1 -2.0677903833643537e-15 0 -2.0677903833643537e-15 -1</Rotation>
<Translation>0.023498263518223261 -0.11300984807753023 7.2036914945367014e-05</Translation>
</Transform>
</Instance>
<Instance name="spring connector-1" uid="spring connector-1" entityUid="spring connector*:*Default">
<Transform>
<Rotation>4.9960036108132025e-16 2.7755575615628909e-16 -1 1.6792123247455485e-15 1 2.7755575615628992e-16 1 -1.6792123247455487e-15 4.9960036108131975e-16</Rotation>
<Translation>-0.023498263518223261 -0.11600984807753018 7.2036914945360075e-05</Translation>
</Transform>
</Instance>
<Instance name="spring holder-1" uid="spring holder-1" entityUid="spring holder*:*Default">
<Transform>
<Rotation>0.76073513419101335 0 -0.64906244353481179 -1.3322676295501878e-15 -1 -1.4432899320127035e-15 -0.64906244353481202 1.9081958235744878e-15 -0.76073513419101357</Rotation>
<Translation>0.023498263518223261 -0.11500984807753017 7.2036914945436403e-05</Translation>
</Transform>
</Instance>
<Instance name="spring base-2" uid="spring base-2" entityUid="spring base*:*Default">
<Transform>
<Rotation>0 4.7878367936959856e-16 1 1 1.8388068845354155e-15 0 -1.8388068845354155e-15 1 -4.7878367936959866e-16</Rotation>
<Translation>0.012498263518223252 -0.055009848077530232 7.203691494533232e-05</Translation>
</Transform>
</Instance>
<Instance name="spring connector-2" uid="spring connector-2" entityUid="spring connector*:*Default">
<Transform>
<Rotation>-4.2327252813834093e-16 0 1 -1.8873791418627661e-15 1 0 -1.0000000000000002 -1.8873791418627661e-15 -4.3021142204224816e-16</Rotation>
<Translation>0.023498263518223261 -0.11600984807753018 7.2036914945443342e-05</Translation>
</Transform>
</Instance>
<Instance name="spring holder-2" uid="spring holder-2" entityUid="spring holder*:*Default">
<Transform>
<Rotation>0.45073332239401576 2.9615639158980758e-16 0.89265865373257447 -1.6653345369377344e-15 1 5.0911440251134047e-16 -0.89265865373257447 -1.7160501118797789e-15 0.45073332239401576</Rotation>
<Translation>-0.023498263518223317 -0.11600984807753012 7.2036914945373953e-05</Translation>
</Transform>
</Instance>
<Instance name="Motor axis connector-1" uid="Motor axis connector-1" entityUid="Motor axis connector*:*Default">
<Transform>
<Rotation>1 0 0 0 1 0 0 0 1</Rotation>
<Translation>0 0 0</Translation>
</Transform>
</Instance>
</Instance>
<Instance name="Ball bearing filler-3" uid="Ball bearing filler-3" entityUid="Ball bearing filler*:*Default">
<Transform>
<Rotation>-0.68987406432561837 -1.50013222957085e-16 0.72392939943813073 0.037753904019874551 -0.99863919183233596 0.035977871917572166 0.72294427039856302 0.052151361789114656 0.68893527806422461</Rotation>
<Translation>-0.20017968654426466 -0.02402176190178576 -0.16332857238400528</Translation>
</Transform>
</Instance>
<Instance name="upper leg cap-9" uid="upper leg cap-9" entityUid="upper leg cap*:*Default">
<Transform>
<Rotation>1 -3.1778100060195201e-15 -8.5630879306526817e-16 6.8941640174462498e-16 -0.052151361789116106 0.99863919183233596 -3.2181432858783923e-15 -0.99863919183233596 -0.052151361789116106</Rotation>
<Translation>-0.20017968654426457 -0.024021761901786211 -0.16332857238400506</Translation>
</Transform>
</Instance>
<Instance name="upperleg-1" uid="upperleg-1" entityUid="upperleg*:*Default">
<Transform>
<Rotation>0.68987406432562659 0.72392939943812273 8.2919782151691379e-16 -0.037753904019874655 0.035977871917574449 -0.99863919183233563 -0.72294427039855513 0.6889352780642326 0.052151361789116293</Rotation>
<Translation>-0.27257262648807529 -0.062072601211758817 -0.23042287820870605</Translation>
</Transform>
</Instance>
<Instance name="Lower joint casin-3" uid="Lower joint casin-3" entityUid="Lower joint casin*:*Default">
<Transform>
<Rotation>0.52137292640320576 -0.85332893517901853 -7.3433013142443215e-16 0.044502266023642593 0.027190308111904888 -0.99863919183233585 0.85216771819432269 0.52066343786655711 0.052151361789116994</Rotation>
<Translation>-0.34496556643187565 -0.088139770219744396 -0.29814300037488861</Translation>
</Transform>
</Instance>
<Instance name="upper leg cap-10" uid="upper leg cap-10" entityUid="upper leg cap*:*Default">
<Transform>
<Rotation>-0.49999999999999012 0.86602540378444437 -8.3266726846886741e-16 0.045164404151329635 0.026075680894559493 0.99863919183233574 0.86484690934156971 0.49931959591615799 -0.052151361789118569</Rotation>
<Translation>-0.20017968654426421 -0.097921062097379177 -0.15946937161161087</Translation>
</Transform>
</Instance>
<Instance name="upper leg cap-5" uid="upper leg cap-5" entityUid="upper leg cap*:*Default">
<Transform>
<Rotation>0.28200421829700562 0.95941316483707617 1.717376241217039e-16 0.050034703064658272 -0.014706904014463907 0.99863919183233585 0.9581075875662014 -0.28162046465343127 -0.052151361789115135</Rotation>
<Translation>-0.34496556643188869 -0.1051166364808952 -0.29725642722445828</Translation>
</Transform>
</Instance>
<Instance name="Ball bearing filler-4" uid="Ball bearing filler-4" entityUid="Ball bearing filler*:*Default">
<Transform>
<Rotation>-0.28200421829701428 7.3764389007917489e-16 -0.95941316483707373 -0.050034703064658251 -0.99863919183233585 0.014706904014463446 -0.95810758756619885 0.052151361789114989 0.28162046465343998</Rotation>
<Translation>-0.20017968654426299 -0.08593739179539063 -0.16009518795308217</Translation>
</Transform>
</Instance>
<Instance name="upper leg casin-4" uid="upper leg casin-4" entityUid="upper leg casin*:*Default">
<Transform>
<Rotation>1 9.62121146375773e-15 8.5122812024039892e-16 3.4831048216580829e-16 0.052151361789116238 -0.99863919183233596 -9.6525115462787562e-15 0.99863919183233596 0.052151361789116238</Rotation>
<Translation>-0.20017968654426443 -0.040998628162935938 -0.16244199923359037</Translation>
</Transform>
</Instance>
<Instance name="upper leg casin-5" uid="upper leg casin-5" entityUid="upper leg casin*:*Default">
<Transform>
<Rotation>-0.68987406432561837 0.72392939943813062 -3.6863763369442213e-16 0.037753904019875183 0.035977871917573491 0.99863919183233585 0.72294427039856302 0.6889352780642245 -0.052151361789116016</Rotation>
<Translation>-0.34496556643189069 -0.083146574260581946 -0.29840375718381634</Translation>
</Transform>
</Instance>
<Instance name="motor axle-3" uid="motor axle-3" entityUid="motor axle*:*Default">
<Transform>
<Rotation>-0.53056003038035349 -0.84764736427526166 -3.9237276622250405e-16 -0.044205964363910014 0.027669428095209878 0.99863919183233552 -0.84649387881865701 0.52983803995757583 -0.052151361789116037</Rotation>
<Translation>-0.34496556643188597 -0.12608805950937244 -0.29616124862688964</Translation>
</Transform>
</Instance>
<Instance name="beam filler-1" uid="beam filler-1" entityUid="beam filler*:*Default">
<Transform>
<Rotation>-0.6898740643256196 4.5181478501940318e-16 0.7239293994381294 0.037753904019874371 -0.99863919183233585 0.035977871917572957 0.72294427039856191 0.052151361789115058 0.68893527806422583</Rotation>
<Translation>-0.23999580351336153 -0.072936586873372025 -0.19876889867344952</Translation>
</Transform>
</Instance>
<Instance name="motor body-3" uid="motor body-3" entityUid="motor body*:*Default">
<Transform>
<Rotation>0.68987406432562193 0.72392939943812729 4.6706897478966848e-16 -0.037753904019874579 0.035977871917573387 -0.99863919183233574 -0.72294427039855969 0.68893527806422772 0.052151361789115502</Rotation>
<Translation>-0.34496556643188847 -0.13707309061952794 -0.29558758364720655</Translation>
</Transform>
</Instance>
<Instance name="Ball bearing filler small-3" uid="Ball bearing filler small-3" entityUid="Ball bearing filler small*:*Default">
<Transform>
<Rotation>-1 1.7237576946922303e-15 -8.5974839108783358e-16 -7.6868212728243789e-16 0.052151361789116106 0.99863919183233596 1.7662490405334491e-15 0.99863919183233596 -0.052151361789116106</Rotation>
<Translation>-0.20017968654426435 -0.031012236244612579 -0.16296351285148153</Translation>
</Transform>
</Instance>
<Instance name="beam filler-2" uid="beam filler-2" entityUid="beam filler*:*Default">
<Transform>
<Rotation>-0.68987406432561771 6.2899082794094065e-16 0.72392939943813117 0.037753904019874579 -0.99863919183233585 0.0359778719175732 0.72294427039856368 0.052151361789115377 0.68893527806422383</Rotation>
<Translation>-0.23999580351336217 -0.037984215159240275 -0.20059419633606787</Translation>
</Transform>
</Instance>
<Instance name="bearing-5" uid="bearing-5" entityUid="bearing*:*Default">
<Transform>
<Rotation>-2.4118818422351885e-16 -0.94804902591558871 -0.31812425946554801 0.99863919183233574 -0.016590613349282378 0.049442047744342042 -0.052151361789115197 -0.31769135337493515 0.9467589130577766</Rotation>
<Translation>-0.34496556643188808 -0.096633396274117794 -0.29769944261258602</Translation>
</Transform>
</Instance>
<Instance name="Ball bearing filler small-4" uid="Ball bearing filler small-4" entityUid="Ball bearing filler small*:*Default">
<Transform>
<Rotation>-0.49999999999999145 0.86602540378444359 -1.1215076222683575e-15 0.045164404151329739 0.026075680894559972 0.99863919183233574 0.86484690934156905 0.49931959591615932 -0.052151361789118902</Rotation>
<Translation>-0.2001796865442641 -0.092927866138217505 -0.15973012842055656</Translation>
</Transform>
</Instance>
<Instance name="Lower joint cap-5" uid="Lower joint cap-5" entityUid="Lower joint cap*:*Default">
<Transform>
<Rotation>0.99969099885095769 0.024857731521096479 -1.2980068408996459e-15 -0.0012963645498147366 0.052135246958400015 -0.99863919183233585 -0.024823904917012894 0.99833061117458066 0.052151361789117008</Rotation>
<Translation>-0.34496556643187559 -0.10012344052173243 -0.29751718403341926</Translation>
</Transform>
</Instance>
<Instance name="SEA system-1" uid="SEA system-1" entityUid="SEA system" rigid="true">
<Transform>
<Rotation>-0.52137292640320254 -0.85332893517902031 -3.7123082385903672e-16 -0.044502266023642469 0.027190308111903292 0.99863919183233563 -0.85216771819432446 0.52066343786655411 -0.052151361789116078</Rotation>
<Translation>-0.34496556643188603 -0.065742327290038011 -0.29931264919191775</Translation>
</Transform>
<Instance name="spring base-1" uid="spring base-1" entityUid="spring base*:*Default">
<Transform>
<Rotation>5.5511151231257827e-16 -4.9266146717741321e-16 -1 1 -9.783840404509192e-16 6.106226635438361e-16 -9.8185348740287282e-16 -0.99999999999999967 4.8572257327350599e-16</Rotation>
<Translation>-0.012498263518223252 -0.05500984807753026 7.2036914945276809e-05</Translation>
</Transform>
</Instance>
<Instance name="spring-2" uid="spring-2" entityUid="spring*:*Default">
<Transform>
<Rotation>-0.99999999999999989 4.4408920985006094e-16 -6.9388939039072392e-16 4.4408920985006262e-16 1 -2.4667767828390189e-15 6.9388939039072284e-16 -2.4667767828390197e-15 -0.99999999999999989</Rotation>
<Translation>-0.023498263518223261 -0.11300984807753012 7.2036914945408648e-05</Translation>
</Transform>
</Instance>
<Instance name="spring-1" uid="spring-1" entityUid="spring*:*Default">
<Transform>
<Rotation>-0.99999999999999989 -3.8857805861880479e-16 0 -3.8857805861880479e-16 1 -2.0747292772682613e-15 0 -2.0781987242202149e-15 -0.99999999999999967</Rotation>
<Translation>0.023498263518223261 -0.11300984807753026 7.2036914945373953e-05</Translation>
</Transform>
</Instance>
<Instance name="spring connector-1" uid="spring connector-1" entityUid="spring connector*:*Default">
<Transform>
<Rotation>5.0653925498522787e-16 3.3306690738754696e-16 -1 1.6722734308416428e-15 1 3.330669073875478e-16 1 -1.6722734308416428e-15 5.0653925498522728e-16</Rotation>
<Translation>-0.023498263518223261 -0.11600984807753009 7.203691494539477e-05</Translation>
</Transform>
</Instance>
<Instance name="spring holder-1" uid="spring holder-1" entityUid="spring holder*:*Default">
<Transform>
<Rotation>0.76073513419101357 0 -0.64906244353481168 -1.3322676295501882e-15 -1 -1.4955797999489496e-15 -0.64906244353481168 2.0024649828857097e-15 -0.76073513419101357</Rotation>
<Translation>0.023498263518223261 -0.11500984807753012 7.2036914945464159e-05</Translation>
</Transform>
</Instance>
<Instance name="spring base-2" uid="spring base-2" entityUid="spring base*:*Default">
<Transform>
<Rotation>0 4.9266146717741321e-16 0.99999999999999989 1 1.8318679906315083e-15 -1.1102230246251565e-16 -1.8422763314873691e-15 0.99999999999999967 -4.8572257327350599e-16</Rotation>
<Translation>0.012498263518223252 -0.055009848077530177 7.2036914945353137e-05</Translation>
</Transform>
</Instance>
<Instance name="spring connector-2" uid="spring connector-2" entityUid="spring connector*:*Default">
<Transform>
<Rotation>-4.3715031594615539e-16 0 1 -1.8804402479588589e-15 1.0000000000000002 0 -0.99999999999999989 -1.8283985436795547e-15 -4.163336342344337e-16</Rotation>
<Translation>0.023498263518223261 -0.11600984807753012 7.203691494545722e-05</Translation>
</Transform>
</Instance>
<Instance name="spring holder-2" uid="spring holder-2" entityUid="spring holder*:*Default">
<Transform>
<Rotation>0.45073332239401587 2.2204460492503131e-16 0.89265865373257447 -1.5820678100908481e-15 1.0000000000000002 6.106226635438361e-16 -0.89265865373257436 -1.6445178552260131e-15 0.45073332239401565</Rotation>
<Translation>-0.023498263518223261 -0.11600984807753006 7.203691494539477e-05</Translation>
</Transform>
</Instance>
<Instance name="Motor axis connector-1" uid="Motor axis connector-1" entityUid="Motor axis connector*:*Default">
<Transform>
<Rotation>1 0 0 0 1 0 0 0 1</Rotation>
<Translation>0 0 0</Translation>
</Transform>
</Instance>
</Instance>
<Instance name="hex bolt gradeb_iso-150" uid="hex bolt gradeb_iso-150" entityUid="hex bolt gradeb_iso*:*ISO 4015 - M4 x 20 x 14-N">
<Transform>
<Rotation>-1 1.3464192616441991e-15 1.6100998385759162e-15 -1.3127535978156542e-15 -0.99978512359069571 0.020729366771258941 1.6376642848064947e-15 0.020729366771258941 0.99978512359069571</Rotation>
<Translation>-0.20837968654426289 -0.059576066139577569 -0.03880491418940319</Translation>
</Transform>
</Instance>
<Instance name="hex bolt gradeb_iso-145" uid="hex bolt gradeb_iso-145" entityUid="hex bolt gradeb_iso*:*ISO 4015 - M4 x 20 x 14-N">
<Transform>
<Rotation>-1 3.117607268996646e-16 1.5412338731527595e-16 -3.0849885665041933e-16 -0.99978512359069571 0.020729366771258941 1.6055287228799976e-16 0.020729366771258941 0.99978512359069571</Rotation>
<Translation>-0.20837968654426292 -0.045248370284456413 -0.052070174514144092</Translation>
</Transform>
</Instance>
<Instance name="Ball bearing filler small-6" uid="Ball bearing filler small-6" entityUid="Ball bearing filler small*:*Default">
<Transform>
<Rotation>0.28200421829701816 -0.95941316483707262 2.3114658205682035e-16 0.050034703064658355 0.014706904014464225 -0.99863919183233585 0.95810758756619774 0.28162046465344392 0.052151361789115308</Rotation>
<Translation>-0.34496556643188864 -0.093132966178907178 -0.29788224356592757</Translation>
</Transform>
</Instance>
<Instance name="lower leg main-1" uid="lower leg main-1" entityUid="lower leg main*:*Default">
<Transform>
<Rotation>3.9356538861223811e-16 -0.85332893517902075 0.5213729264032021 0.99863919183233585 0.027190308111903923 0.044502266023642094 -0.052151361789116085 0.52066343786655356 0.85216771819432491</Rotation>
<Translation>-0.14443326666480261 -0.072060110809813172 -0.42167231391378684</Translation>
</Transform>
</Instance>
<Instance name="hex bolt gradeb_iso-155" uid="hex bolt gradeb_iso-155" entityUid="hex bolt gradeb_iso*:*ISO 4015 - M4 x 20 x 14-N">
<Transform>
<Rotation>1 1.1775544733810493e-15 1.7230419575533687e-15 1.1063847977440416e-15 0.40092585883794546 -0.91611050409601558 -1.7695820988555327e-15 0.91611050409601569 0.40092585883794568</Rotation>
<Translation>-0.1919796865442629 -0.044596478262092502 -0.039587184616239918</Translation>
</Transform>
</Instance>
<Instance name="Lower joint casin-5" uid="Lower joint casin-5" entityUid="Lower joint casin*:*Default">
<Transform>
<Rotation>0.52137292640320754 -0.85332893517901731 -5.0653925498522767e-16 0.044502266023642073 0.027190308111904423 -0.99863919183233585 0.85216771819432158 0.52066343786655889 0.052151361789116335</Rotation>
<Translation>-0.3449655664318742 -0.038207810628126414 -0.3007505684643455</Translation>
</Transform>
<VisualProperties>
<Ambient r="1" g="1" b="1" a="1"/>
<Diffuse r="1" g="1" b="1" a="1"/>
<Specular r="0.69999998807907104" g="0.69999998807907104" b="0.69999998807907104" a="1"/>
<Emissive r="0.29999999999999999" g="0.29999999999999999" b="0.29999999999999999" a="1"/>
<Shininess>0.10000000149011612</Shininess>
</VisualProperties>
</Instance>
<Instance name="hex bolt gradeb_iso-157" uid="hex bolt gradeb_iso-157" entityUid="hex bolt gradeb_iso*:*ISO 4015 - M4 x 20 x 14-N">
<Transform>
<Rotation>8.4290681878426359e-16 0.99978512359069593 -0.020729366771244397 -0.99863919183233574 0.0010810647061472952 0.052140155691754793 0.052151361789116377 0.020701158079631535 0.99842460782860454</Rotation>
<Translation>-0.19267968654426287 -0.063273816876734487 -0.096190161766510102</Translation>
</Transform>
</Instance>
<Instance name="hex bolt gradeb_iso-149" uid="hex bolt gradeb_iso-149" entityUid="hex bolt gradeb_iso*:*ISO 4015 - M4 x 20 x 14-N">
<Transform>
<Rotation>-1 1.1428293781104219e-15 1.7462672011455781e-15 -1.1063847977440408e-15 -0.99978512359069571 0.020729366771258275 1.7695820988555327e-15 0.020729366771258275 0.99978512359069571</Rotation>
<Translation>-0.20837968654426289 -0.060097579757468683 -0.048791306107726536</Translation>
</Transform>
</Instance>
<Instance name="hex bolt gradeb_iso-160" uid="hex bolt gradeb_iso-160" entityUid="hex bolt gradeb_iso*:*ISO 4015 - M4 x 20 x 14-N">
<Transform>
<Rotation>9.1229575782333557e-16 0.99978512359069593 -0.020729366771244304 -0.99863919183233574 0.0010810647061473568 0.052140155691754661 0.052151361789116245 0.020701158079631438 0.99842460782860454</Rotation>
<Translation>-0.20767968654426286 -0.063273816876734501 -0.096190161766510102</Translation>
</Transform>
</Instance>
<Instance name="hex bolt gradeb_iso-163" uid="hex bolt gradeb_iso-163" entityUid="hex bolt gradeb_iso*:*ISO 4015 - M4 x 20 x 14-N">
<Transform>
<Rotation>-8.4290681878426418e-16 -0.99978512359069549 0.020729366771261543 0.99863919183233596 0.001081064706146509 0.052140155691754925 -0.052151361789116508 0.020701158079648747 0.99842460782860432</Rotation>
<Translation>-0.1926796865442629 -0.046896134130684171 -0.097045444099851622</Translation>
</Transform>
</Instance>
<Instance name="beam filler-4" uid="beam filler-4" entityUid="beam filler*:*Default">
<Transform>
<Rotation>-0.52137292640320598 -6.9584095430119675e-16 -0.85332893517901831 -0.044502266023642656 -0.99863919183233574 0.027190308111904902 -0.85216771819432247 0.052151361789117071 0.52066343786655755</Rotation>
<Translation>-0.2980324749970315 -0.079648845247575373 -0.32730100307543913</Translation>
</Transform>
</Instance>
<Instance name="upper leg cap-6" uid="upper leg cap-6" entityUid="upper leg cap*:*Default">
<Transform>
<Rotation>-0.28200421829704203 0.95941316483706562 -3.3831043374419486e-16 -0.05003470306465832 -0.014706904014466162 -0.99863919183233585 -0.95810758756619097 -0.28162046465346774 0.052151361789115801</Rotation>
<Translation>-0.34496556643189369 -0.026224140326138665 -0.30137638480579299</Translation>
</Transform>
</Instance>
<Instance name="Ball bearing filler small-5" uid="Ball bearing filler small-5" entityUid="Ball bearing filler small*:*Default">
<Transform>
<Rotation>-0.68987406432559839 0.72392939943814971 -3.7470027081099033e-16 0.037753904019876362 0.035977871917572637 0.99863919183233585 0.722944270398582 0.6889352780642044 -0.052151361789116286</Rotation>
<Translation>-0.34496556643189891 -0.038207810628126372 -0.30075056846431725</Translation>
</Transform>
</Instance>
<Instance name="Ball bearing filler-5" uid="Ball bearing filler-5" entityUid="Ball bearing filler*:*Default">
<Transform>
<Rotation>0.99969099885095758 -7.4994277671611011e-16 -0.024857731521094117 -0.0012963645498140627 -0.99863919183233574 -0.052135246958399911 -0.024823904917010566 0.052151361789116897 -0.99833061117458077</Rotation>
<Translation>-0.34496556643187448 -0.093132966178906151 -0.29788224356594434</Translation>
</Transform>
</Instance>
<Instance name="beam filler hip-2" uid="beam filler hip-2" entityUid="beam filler hip*:*Default">
<Transform>
<Rotation>0 -1 1.1341561572136963e-15 0.99863919183233596 1.2557663131190458e-16 0.05215136178911646 -0.05215136178911646 1.1291437128688299e-15 0.99863919183233596</Rotation>
<Translation>-0.21267968654426286 -0.052086272200835164 -0.039196049402821398</Translation>
</Transform>
</Instance>
<Instance name="hex bolt gradeb_iso-146" uid="hex bolt gradeb_iso-146" entityUid="hex bolt gradeb_iso*:*ISO 4015 - M4 x 20 x 14-N">
<Transform>
<Rotation>-1 3.117607268996646e-16 1.5412338731527595e-16 -3.0849885665041933e-16 -0.99978512359069571 0.020729366771258941 1.6055287228799976e-16 0.020729366771258941 0.99978512359069571</Rotation>
<Translation>-0.20837968654426289 -0.044596478262092509 -0.03958718461623989</Translation>
</Transform>
</Instance>
<Instance name="hex bolt gradeb_iso-148" uid="hex bolt gradeb_iso-148" entityUid="hex bolt gradeb_iso*:*ISO 4015 - M4 x 20 x 14-N">
<Transform>
<Rotation>-1 3.117607268996646e-16 1.5412338731527595e-16 -3.0849885665041933e-16 -0.99978512359069571 0.020729366771258941 1.6055287228799976e-16 0.020729366771258941 0.99978512359069571</Rotation>
<Translation>-0.20837968654426287 -0.059054552521686433 -0.028818522271079821</Translation>
</Transform>
</Instance>
<Instance name="Lower joint cap-6" uid="Lower joint cap-6" entityUid="Lower joint cap*:*Default">
<Transform>
