<?xml version="1.0" encoding="UTF-8" standalone="no" ?>
<SimscapeMultibodyImportXML version="2.0" xmlns="urn:mathworks:SimscapeMultibody:import" xmlns:xsi="http://www.w3.org/2001/XMLSchema-instance">
<Created by="" on="10/26/18||07:00:57" using="Simscape Multibody Link Version 5.1" from="SolidWorks 25.4.0"/>
<ModelUnits mass="kilogram" length="millimeter"/>
<DataUnits mass="kilogram" length="meter"/>
<RootAssembly name="Leg_model_right" uid="Leg_model_right" version="6669">
<AssemblyFile name="Leg_model_right.SLDASM" type="SolidWorks Assembly"/>
<InstanceTree>
<Instance name="hip-1" uid="hip-1" entityUid="hip*:*Default">
<Transform>
<Rotation>1 -7.9503367593439012e-16 6.029352886672234e-16 -6.0037044806543809e-16 0.0032221411190739447 0.99999480888983061 -7.9697229141274555e-16 -0.99999480888983061 0.0032221411190739447</Rotation>
<Translation>7.2036914945031616e-05 -0.05242722929153712 -0.022669045608773069</Translation>
</Transform>
</Instance>
<Instance name="Lower joint cap-2" uid="Lower joint cap-2" entityUid="Lower joint cap*:*Default">
<Transform>
<Rotation>1.0295607917008365e-15 0 -1 0.86763197871069353 -0.49720694838122209 9.0379165982012368e-16 -0.49720694838122209 -0.86763197871069353 -4.9356157702109239e-16</Rotation>
<Translation>-0.034427963085054858 0 -5.2585320227976549e-16</Translation>
</Transform>
</Instance>
<Instance name="upper leg cap-8" uid="upper leg cap-8" entityUid="upper leg cap*:*Default">
<Transform>
<Rotation>1.3163779750201105e-15 2.1483598045885417e-15 0.99999999999999989 -0.0050754048357096095 -0.99998712004993018 2.1550132849615644e-15 0.99998712004993018 -0.0050754048357096095 -1.3054572243964664e-15</Rotation>
<Translation>0.034572036914945072 0 -5.0771672033237352e-16</Translation>
</Transform>
</Instance>
<Instance name="hip joint casin-1" uid="hip joint casin-1" entityUid="hip joint casin*:*Default">
<Transform>
<Rotation>-7.3821960759802796e-16 5.098190836436466e-16 0.99999999999999989 0.0032221411190744053 0.9999948088898305 -5.0743778936406828e-16 -0.9999948088898305 0.0032221411190744053 -7.3985848445141265e-16</Rotation>
<Translation>0.022572036914945054 0 -5.2029407031668848e-16</Translation>
</Transform>
</Instance>
<Instance name="Lower joint cap-1" uid="Lower joint cap-1" entityUid="Lower joint cap*:*Default">
<Transform>
<Rotation>-2.0057721899281169e-15 -6.7901552905594694e-16 -1 0.86763197871073083 -0.4972069483811567 -1.4026608548849636e-15 -0.4972069483811567 -0.86763197871073083 1.5864194567520736e-15</Rotation>
<Translation>0.039572036914945097 0 -6.1676581617872861e-16</Translation>
</Transform>
</Instance>
<Instance name="motor axle-1" uid="motor axle-1" entityUid="motor axle*:*Default">
<Transform>
<Rotation>-2.2163225567002083e-15 -1.151341648056271e-15 0.99999999999999989 0.014023735963647928 0.99990166257968693 1.1823095504341429e-15 -0.99990166257968693 0.014023735963647928 -2.1999584979811087e-15</Rotation>
<Translation>0.06057203691494506 0 -6.0320734201724067e-16</Translation>
</Transform>
</Instance>
<Instance name="motor body-1" uid="motor body-1" entityUid="motor body*:*Default">
<Transform>
<Rotation>-1.0356394441553563e-15 -2.6436255842685247e-15 1 0.0050754048357031191 0.99998712004993018 2.6488478239459079e-15 -0.99998712004993018 0.0050754048357031191 -1.0222086350968399e-15</Rotation>
<Translation>0.07157203691494643 0 -5.4335498857860087e-16</Translation>
</Transform>
</Instance>
<Instance name="upper leg cap-1" uid="upper leg cap-1" entityUid="upper leg cap*:*Default">
<Transform>
<Rotation>-6.2962103239869396e-16 4.952512428599302e-16 1 0.86874873811914 0.49525309692762387 3.0170776560600037e-16 -0.49525309692762387 0.86874873811914 -7.4207065847272104e-16</Rotation>
<Translation>-0.027427963085054866 0 0</Translation>
</Transform>
</Instance>
<Instance name="bearing-1" uid="bearing-1" entityUid="bearing*:*Default">
<Transform>
<Rotation>1 -3.2538470536871266e-16 -1.5032539301890803e-16 0 -0.4220671404431211 0.9065645751727599 -3.5842965595778285e-16 -0.9065645751727599 -0.4220671404431211</Rotation>
<Translation>-0.030933163085054862 0 0</Translation>
</Transform>
</Instance>
<Instance name="upper leg casin-2" uid="upper leg casin-2" grounded="true" entityUid="upper leg casin*:*Default">
<Transform>
<Rotation>1.0469203432478163e-15 -2.7814252045239997e-15 -0.99999999999999989 -0.0050754048357092279 0.99998712004993018 -2.786702924478964e-15 0.99998712004993018 0.0050754048357092279 1.0327900000328635e-15</Rotation>
<Translation>0.017572036914945067 0 0</Translation>
</Transform>
<VisualProperties>
<Ambient r="1" g="1" b="1" a="1"/>
<Diffuse r="1" g="1" b="1" a="1"/>
<Specular r="0.69999998807907104" g="0.69999998807907104" b="0.69999998807907104" a="1"/>
<Emissive r="0.29999999999999999" g="0.29999999999999999" b="0.29999999999999999" a="1"/>
<Shininess>0.10000000149011612</Shininess>
</VisualProperties>
</Instance>
<Instance name="bearing-2" uid="bearing-2" entityUid="bearing*:*Default">
<Transform>
<Rotation>1 1.5579668053894199e-15 1.4056699337267249e-15 1.199500885991204e-15 0.11855636333230044 -0.99294732423901511 -1.7127679292149424e-15 0.99294732423901511 0.11855636333230041</Rotation>
<Translation>0.031077236914945069 0 -5.007522621070381e-16</Translation>
</Transform>
</Instance>
<Instance name="SEA system hip-1" uid="SEA system hip-1" entityUid="SEA system hip" rigid="true">
<Transform>
<Rotation>-2.2721679714946279e-15 -1.276789874307531e-15 0.99999999999999989 0.0032221411190740002 0.9999948088898305 1.2841044922010259e-15 -0.9999948088898305 0.0032221411190740002 -2.2680421792659405e-15</Rotation>
<Translation>0 0 0</Translation>
</Transform>
<Instance name="Motor axis connector-1" uid="Motor axis connector-1" entityUid="Motor axis connector*:*Default">
<Transform>
<Rotation>1 0 0 0 1 0 0 0 1</Rotation>
<Translation>0 0 0</Translation>
</Transform>
</Instance>
<Instance name="spring holder-2" uid="spring holder-2" entityUid="spring holder*:*Default">
<Transform>
<Rotation>1 0 0 0 1 0 0 0 1</Rotation>
<Translation>-0.023498263518223254 -0.14000984807753009 7.2036914945138437e-05</Translation>
</Transform>
</Instance>
<Instance name="spring-2" uid="spring-2" entityUid="spring*:*Default">
<Transform>
<Rotation>-0.99999999999999989 1.8041124150158794e-16 0 1.9428902930940239e-16 0.99999999999999989 0 0 0 -0.99999999999999978</Rotation>
<Translation>-0.023498263518223251 -0.13700984807753008 7.2036914945138424e-05</Translation>
</Transform>
</Instance>
<Instance name="spring-1" uid="spring-1" entityUid="spring*:*Default">
<Transform>
<Rotation>0 0 -0.99999999999999989 0 0.99999999999999989 0 1 0 0</Rotation>
<Translation>0.023498263518223237 -0.13700984807753008 7.2036914945137936e-05</Translation>
</Transform>
</Instance>
<Instance name="spring connector hip-1" uid="spring connector hip-1" entityUid="spring connector hip*:*Default">
<Transform>
<Rotation>0 0 0.99999999999999989 0 0.99999999999999989 0 -0.99999999999999978 0 0</Rotation>
<Translation>0.023498263518223237 -0.14000984807753009 7.2036914945138437e-05</Translation>
</Transform>
</Instance>
<Instance name="spring connector hip-2" uid="spring connector hip-2" entityUid="spring connector hip*:*Default">
<Transform>
<Rotation>0 1.6653345369377348e-16 -0.99999999999999989 0 0.99999999999999989 1.6653345369377348e-16 0.99999999999999978 0 0</Rotation>
<Translation>-0.023498263518223251 -0.14000984807753009 7.2036914945138437e-05</Translation>
</Transform>
</Instance>
<Instance name="spring holder-1" uid="spring holder-1" entityUid="spring holder*:*Default">
<Transform>
<Rotation>0.99999999999999989 0 0 0 -0.99999999999999989 0 0 0 -0.99999999999999978</Rotation>
<Translation>0.023498263518223234 -0.13900984807753008 7.2036914945138437e-05</Translation>
</Transform>
</Instance>
</Instance>
<Instance name="hip joint casin-2" uid="hip joint casin-2" entityUid="hip joint casin*:*Default">
<Transform>
<Rotation>-6.1611872825533597e-16 1.710374313091827e-15 -1 -0.0032221411190739889 0.99999480888983061 1.7123506558388798e-15 0.99999480888983061 0.0032221411190739889 -6.1060446251191899e-16</Rotation>
<Translation>-0.022427963085054872 0 0</Translation>
</Transform>
</Instance>
<Instance name="Ball bearing filler-1" uid="Ball bearing filler-1" entityUid="Ball bearing filler*:*Default">
<Transform>
<Rotation>-6.0334192243700976e-16 1 1.4379904806407612e-15 -0.003222141119075741 -1.4399270686909e-15 0.99999480888983061 0.99999480888983061 5.9870538216610847e-16 0.003222141119075741</Rotation>
<Translation>-0.034427963085054858 0 -5.2585320227976509e-16</Translation>
</Transform>
</Instance>
<Instance name="Ball bearing filler-2" uid="Ball bearing filler-2" entityUid="Ball bearing filler*:*Default">
<Transform>
<Rotation>2.5895821032412904e-15 1 -3.1243928637903857e-15 -0.0032221411191512162 3.1327206436990883e-15 0.99999480888983028 0.99999480888983028 -2.5795014257164975e-15 0.0032221411191512162</Rotation>
<Translation>0.027572036914945065 0 -5.7235884633274442e-16</Translation>
</Transform>
</Instance>
<Instance name="Ball bearing filler small-1" uid="Ball bearing filler small-1" entityUid="Ball bearing filler small*:*Default">
<Transform>
<Rotation>-6.8836750621308992e-16 -3.8779683559344861e-16 -0.99999999999999989 0.86874873811914399 -0.4952530969276166 -4.0596081857845859e-16 -0.4952530969276166 -0.86874873811914399 6.7781415084477863e-16</Rotation>
<Translation>-0.027427963085054862 0 0</Translation>
</Transform>
</Instance>
<Instance name="upper leg cap-7" uid="upper leg cap-7" entityUid="upper leg cap*:*Default">
<Transform>
<Rotation>2.3837288570236871e-16 1.9195977105083395e-15 -0.99999999999999989 -0.86347654700262155 -0.50438898954718414 -1.1740533457857214e-15 -0.50438898954718414 0.86347654700262155 1.5372949437490146e-15</Rotation>
<Translation>0.027572036914945069 0 0</Translation>
</Transform>
</Instance>
<Instance name="upper leg cap-2" uid="upper leg cap-2" entityUid="upper leg cap*:*Default">
<Transform>
<Rotation>-1.1344689359966442e-15 4.6627317747468269e-16 1 0.86874873811914388 0.49525309692761688 7.5464522142383528e-16 -0.49525309692761688 0.86874873811914388 -9.6692348847045048e-16</Rotation>
<Translation>-0.03942796308505489 0 0</Translation>
</Transform>
</Instance>
<Instance name="Ball bearing filler small-2" uid="Ball bearing filler small-2" entityUid="Ball bearing filler small*:*Default">
<Transform>
<Rotation>1.7188338214467282e-15 1.1907924458492978e-15 1 -0.0050754048357094742 -0.99998712004993029 1.199500885991204e-15 0.99998712004993029 -0.0050754048357094742 -1.71276792921494e-15</Rotation>
<Translation>0.027572036914945069 0 0</Translation>
</Transform>
</Instance>
<Instance name="Lower joint cap-3" uid="Lower joint cap-3" entityUid="Lower joint cap*:*Default">
<Transform>
<Rotation>0.81361167598432571 0.58140866926971135 6.2399053751740347e-16 0.0018733807802388267 -0.0026215716361450477 -0.99999480888983028 -0.58140565111325559 0.81360745243648058 -0.0032221411190710477</Rotation>
<Translation>7.2036914946052555e-05 -0.08660483608632899 -0.12277969036636407</Translation>
</Transform>
</Instance>
<Instance name="motor axle-2" uid="motor axle-2" entityUid="motor axle*:*Default">
<Transform>
<Rotation>0.80728392582470088 0.59016325123228308 -5.3667329911674666e-16 0.0019015892787602262 -0.0026011827321658211 -0.99999480888983039 -0.59016018762982791 0.80727973512490392 -0.0032221411190718318</Rotation>
<Translation>7.203691494536055e-05 -0.1126047011174646 -0.12286346603546</Translation>
</Transform>
</Instance>
<Instance name="upper leg cap-4" uid="upper leg cap-4" entityUid="upper leg cap*:*Default">
<Transform>
<Rotation>1 1.3209338006375894e-15 -6.5287940944212839e-16 -6.4861978515857743e-16 -0.0032221411190741338 -0.99999480888983061 -1.3230306131156641e-15 0.99999480888983061 -0.0032221411190741338</Rotation>
<Translation>7.2036914944945341e-05 -0.024605157935159327 -0.1225799176169817</Translation>
</Transform>
</Instance>
<Instance name="SEA system-4" uid="SEA system-4" entityUid="SEA system" rigid="true">
<Transform>
<Rotation>-0.81361167598430961 0.58140866926973389 5.2754058987945079e-16 -0.0018733807802384433 -0.0026215716361463379 0.9999948088898305 0.58140565111327824 0.81360745243646448 0.0032221411190718708</Rotation>
<Translation>7.2036914945385988e-05 -0.052177051720623341 -0.12266875861086188</Translation>
</Transform>
<Instance name="spring connector-2" uid="spring connector-2" entityUid="spring connector*:*Default">
<Transform>
<Rotation>-4.2977774117325396e-16 0 1 -1.8769708010069053e-15 1 0 -0.99999999999999989 -1.8852107375177951e-15 -4.3433139029769308e-16</Rotation>
<Translation>0.023498263518223234 -0.11600984807753015 7.2036914945436403e-05</Translation>
</Transform>
</Instance>
<Instance name="spring connector-1" uid="spring connector-1" entityUid="spring connector*:*Default">
<Transform>
<Rotation>4.9894983977782914e-16 4.4408920985006262e-16 -0.99999999999999989 1.6662018986757232e-15 1 3.8857805861880479e-16 0.99999999999999989 -1.6809470482215261e-15 5.0892449976469578e-16</Rotation>
<Translation>-0.023498263518223317 -0.11600984807753012 7.2036914945373953e-05</Translation>
</Transform>
</Instance>
<Instance name="spring base-1" uid="spring base-1" entityUid="spring base*:*Default">
<Transform>
<Rotation>5.5511151231257827e-16 -4.885414989219683e-16 -1 1 -9.7101146567801777e-16 5.5511151231257827e-16 -9.8575661522382063e-16 -0.99999999999999989 4.9786563760534364e-16</Rotation>
<Translation>-0.012498263518223293 -0.05500984807753026 7.2036914945255992e-05</Translation>
</Transform>
</Instance>
<Instance name="spring-1" uid="spring-1" entityUid="spring*:*Default">
<Transform>
<Rotation>-1 -3.3306690738754696e-16 0 -4.4408920985006262e-16 1 -2.0673567024953599e-15 0 -2.0821018520411627e-15 -0.99999999999999989</Rotation>
<Translation>0.023498263518223234 -0.1130098480775302 7.2036914945373953e-05</Translation>
</Transform>
</Instance>
<Instance name="spring holder-1" uid="spring holder-1" entityUid="spring holder*:*Default">
<Transform>
<Rotation>0.76073513419101357 0 -0.64906244353481168 -1.1657341758564144e-15 -1 -1.4988010832439613e-15 -0.64906244353481157 1.917303121823366e-15 -0.76073513419101335</Rotation>
<Translation>0.02349826351822322 -0.11500984807753015 7.2036914945443342e-05</Translation>
</Transform>
</Instance>
<Instance name="spring-2" uid="spring-2" entityUid="spring*:*Default">
<Transform>
<Rotation>-0.99999999999999989 4.4408920985006262e-16 -6.8911890083178662e-16 3.8857805861880479e-16 1 -2.4559347611141646e-15 6.9865987994965906e-16 -2.4706799106599675e-15 -0.99999999999999978</Rotation>
<Translation>-0.023498263518223303 -0.11300984807753009 7.2036914945401709e-05</Translation>
</Transform>
</Instance>
<Instance name="spring base-2" uid="spring base-2" entityUid="spring base*:*Default">
<Transform>
<Rotation>1.1102230246251565e-16 4.8030156241107846e-16 1 1 1.8314343097625141e-15 0 -1.846179459308317e-15 0.99999999999999989 -4.898425415289509e-16</Rotation>
<Translation>0.01249826351822321 -0.055009848077530205 7.203691494533232e-05</Translation>
</Transform>
</Instance>
<Instance name="Motor axis connector-1" uid="Motor axis connector-1" entityUid="Motor axis connector*:*Default">
<Transform>
<Rotation>1 0 0 0 1 0 0 0 1</Rotation>
<Translation>0 0 0</Translation>
</Transform>
</Instance>
<Instance name="spring holder-2" uid="spring holder-2" entityUid="spring holder*:*Default">
<Transform>
<Rotation>0.45073332239401576 4.4408920985006262e-16 0.89265865373257447 -1.5543122344752192e-15 1 3.8857805861880479e-16 -0.89265865373257447 -1.5694910648900162e-15 0.4507333223940157</Rotation>
<Translation>-0.023498263518223303 -0.11600984807753006 7.2036914945373953e-05</Translation>
</Transform>
</Instance>
</Instance>
<Instance name="upper leg casin-3" uid="upper leg casin-3" entityUid="upper leg casin*:*Default">
<Transform>
<Rotation>-1 3.2163052666409601e-15 6.7232422770627438e-16 6.6195734814600736e-16 -0.0032221411190718769 0.99999480888983083 3.2184548939854227e-15 0.99999480888983083 0.0032221411190718769</Rotation>
<Translation>7.2036914944805398e-05 -0.069604924335201795 -0.12272491396734012</Translation>
</Transform>
</Instance>
<Instance name="Lower joint casin-1" uid="Lower joint casin-1" entityUid="Lower joint casin*:*Default">
<Transform>
<Rotation>0.81361167598432627 0.58140866926971058 3.4359722098781242e-16 0.0018733807802385014 -0.0026215716361450798 -0.99999480888983061 -0.58140565111325493 0.81360745243648114 -0.0032221411190708786</Rotation>
<Translation>7.2036914946070092e-05 -0.074604898379651008 -0.12274102467293527</Translation>
</Transform>
</Instance>
<Instance name="Ball bearing filler-3" uid="Ball bearing filler-3" entityUid="Ball bearing filler*:*Default">
<Transform>
<Rotation>-0.81361167598431683 -7.6964801719314746e-16 0.58140866926972379 -0.001873380780239737 -0.99999480888983061 -0.0026215716361486334 0.58140565111326814 -0.0032221411190744972 0.81360745243647148</Rotation>
<Translation>7.2036914948476777e-05 -0.017605194272930575 -0.1225573626291484</Translation>
</Transform>
</Instance>
<Instance name="Ball bearing filler small-3" uid="Ball bearing filler small-3" entityUid="Ball bearing filler small*:*Default">
<Transform>
<Rotation>-1 -5.2955506703494335e-15 6.5548265540272707e-16 6.7254226428312291e-16 -0.0032221411190742778 0.99999480888983061 -5.2934111229456831e-15 0.99999480888983061 0.0032221411190742778</Rotation>
<Translation>7.2036914944908451e-05 -0.024605157935159331 -0.12257991761698171</Translation>
</Transform>
</Instance>
<Instance name="Lower joint casin-2" uid="Lower joint casin-2" entityUid="Lower joint casin*:*Default">
<Transform>
<Rotation>-0.81361167598431561 0.58140866926972545 3.3281449156926518e-16 -0.001873380780239694 -0.0026215716361478094 0.99999480888983061 0.58140565111326981 0.81360745243647048 0.0032221411190738007</Rotation>
<Translation>7.2036914948142301e-05 -0.029605131979608536 -0.12259602832257732</Translation>
</Transform>
<VisualProperties>
<Ambient r="0.792156862745098" g="0.81960784313725488" b="0.93333333333333335" a="1"/>
<Diffuse r="0.792156862745098" g="0.81960784313725488" b="0.93333333333333335" a="1"/>
<Specular r="0.396078431372549" g="0.40980392156862744" b="0.46666666666666667" a="1"/>
<Emissive r="0" g="0" b="0" a="1"/>
<Shininess>0.40000000596046448</Shininess>
</VisualProperties>
</Instance>
<Instance name="upper leg cap-9" uid="upper leg cap-9" entityUid="upper leg cap*:*Default">
<Transform>
<Rotation>1 4.0927307875423689e-15 6.5892225342529317e-16 -6.7210618904712405e-16 0.0032221411190742778 0.99999480888983061 4.0905864012389218e-15 -0.99999480888983061 0.0032221411190742778</Rotation>
<Translation>7.20369149449131e-05 -0.017605194272930537 -0.12255736262914814</Translation>
</Transform>
</Instance>
<Instance name="Ball bearing filler-4" uid="Ball bearing filler-4" entityUid="Ball bearing filler*:*Default">
<Transform>
<Rotation>-0.096708839575910741 -4.4124402618023542e-16 -0.99531271485291539 0.003207038024862204 -0.99999480888983072 -0.00031160952857477983 -0.99530754807495958 -0.0032221411190713816 0.096708337549670148</Rotation>
<Translation>7.2036914946117011e-05 -0.079604872424100137 -0.12275713537853071</Translation>
</Transform>
</Instance>
<Instance name="Ball bearing filler small-4" uid="Ball bearing filler small-4" entityUid="Ball bearing filler small*:*Default">
<Transform>
<Rotation>-0.49999999999999534 0.86602540378444126 4.0050869204298977e-16 -0.0027904560636941088 -0.0016110705595360586 0.99999480888983072 0.86602090815116106 0.4999974044449107 0.0032221411190714528</Rotation>
<Translation>7.2036914945111387e-05 -0.086604836086329129 -0.12277969036636427</Translation>
</Transform>
</Instance>
<Instance name="upper leg cap-10" uid="upper leg cap-10" entityUid="upper leg cap*:*Default">
<Transform>
<Rotation>-0.49999999999999506 0.86602540378444148 7.5868775587107995e-16 -0.0027904560636941482 -0.0016110705595364949 0.99999480888983061 0.86602090815116095 0.49999740444491042 0.0032221411190717069</Rotation>
<Translation>7.2036914944809125e-05 -0.091604810130778161 -0.12279580107195982</Translation>
</Transform>
</Instance>
<Instance name="upper leg casin-7" uid="upper leg casin-7" grounded="true" entityUid="upper leg casin*:*Default">
<Transform>
<Rotation>-8.3057922522175503e-16 9.2216987994901136e-16 1 0.005472605817332667 0.99998502518066146 -9.176106379219556e-16 -0.99998502518066146 0.005472605817332667 -8.3561345969748895e-16</Rotation>
<Translation>-0.017427963085054895 0 -5.4487185171716942e-16</Translation>
</Transform>
<VisualProperties>
<Ambient r="1" g="1" b="1" a="1"/>
<Diffuse r="1" g="1" b="1" a="1"/>
<Specular r="0.69999998807907104" g="0.69999998807907104" b="0.69999998807907104" a="1"/>
<Emissive r="0.29999999999999999" g="0.29999999999999999" b="0.29999999999999999" a="1"/>
<Shininess>0.10000000149011612</Shininess>
</VisualProperties>
</Instance>
<Instance name="bearing-3" uid="bearing-3" entityUid="bearing*:*Default">
<Transform>
<Rotation>6.7425262557452639e-16 -0.8852331298689784 0.4651476171952002 0.99999480888983072 -0.0014987712638022399 -0.0028523460677156113 0.0032221411190715152 0.46514520256267428 0.8852285345262757</Rotation>
<Translation>7.2036914946067639e-05 -0.08311005422822082 -0.12276842962758119</Translation>
</Transform>
</Instance>
<Instance name="motor body-2" uid="motor body-2" entityUid="motor body*:*Default">
<Transform>
<Rotation>1 -6.0035027576007049e-15 -5.3722718426384464e-16 -5.565685285520716e-16 -0.0032221411190718769 -0.99999480888983083 6.0017405709557778e-15 0.99999480888983083 -0.0032221411190718769</Rotation>
<Translation>7.2036914945862644e-05 -0.12360464401525272 -0.12289890958776979</Translation>
</Transform>
</Instance>
<Instance name="upper leg cap-3" uid="upper leg cap-3" entityUid="upper leg cap*:*Default">
<Transform>
<Rotation>0.99999999999999989 -3.1566327963080659e-15 6.7436291936533709e-16 -6.6418830234233418e-16 0.0032221411190715161 0.99999480888983072 -3.1587893023711202e-15 -0.99999480888983083 0.0032221411190715152</Rotation>
<Translation>7.2036914944616367e-05 -0.079604872424100206 -0.12275713537853063</Translation>
</Transform>
</Instance>
<Instance name="Lower joint cap-4" uid="Lower joint cap-4" entityUid="Lower joint cap*:*Default">
<Transform>
<Rotation>-0.91032051556024551 -0.41390404558318727 0 0.0013336572446242931 -0.0029331811647225117 0.99999480888983072 -0.41390189696168705 0.9103157899861597 0.003222141119073112</Rotation>
<Translation>7.2036914948700651e-05 -0.017605194272930582 -0.1225573626291484</Translation>
</Transform>
</Instance>
<Instance name="upper leg casin-4" uid="upper leg casin-4" entityUid="upper leg casin*:*Default">
<Transform>
<Rotation>1 1.423756701695388e-15 -6.6400292625016024e-16 -6.594119343257271e-16 -0.0032221411190741338 -0.99999480888983061 -1.4258888219493512e-15 0.99999480888983061 -0.0032221411190741338</Rotation>
<Translation>7.2036914944921123e-05 -0.034605106024057676 -0.12261213902817247</Translation>
</Transform>
</Instance>
<Instance name="bearing-4" uid="bearing-4" entityUid="bearing*:*Default">
<Transform>
<Rotation>-6.5288791354593118e-16 0.9102281963094907 -0.41410702800504551 -0.99999480888983061 -0.0013343112826333394 -0.0029328836990694523 -0.0032221411190743844 0.41410487832984116 0.91022347121464431</Rotation>
<Translation>7.2036914948144903e-05 -0.021099976131038749 -0.12256862336793137</Translation>
</Transform>
</Instance>
<Instance name="Ball bearing filler-6" uid="Ball bearing filler-6" entityUid="Ball bearing filler*:*Default">
<Transform>
<Rotation>-0.99568425946675432 0 -0.092805471014056728 0.00029903232422935573 -0.9999948088898305 -0.0032082351940428805 -0.092804989250632366 -0.0032221411190742986 0.99567909076006944</Rotation>
<Translation>-0.116209696939 -0.017080879945700837 -0.28527885311644141</Translation>
</Transform>
</Instance>
<Instance name="Lower joint casin-5" uid="Lower joint casin-5" entityUid="Lower joint casin*:*Default">
<Transform>
<Rotation>0.41747023422503188 -0.90869059835353039 1.1275702593849246e-16 -0.0029279293414706197 -0.0013451480076859396 -0.99999480888983072 0.90868588124052441 0.41746806709105355 -0.0032221411190737795</Rotation>
<Translation>-0.11620969693900096 -0.024080843607929656 -0.28530140810427462</Translation>
</Transform>
<VisualProperties>
<Ambient r="1" g="1" b="1" a="1"/>
<Diffuse r="1" g="1" b="1" a="1"/>
<Specular r="0.69999998807907104" g="0.69999998807907104" b="0.69999998807907104" a="1"/>
<Emissive r="0.29999999999999999" g="0.29999999999999999" b="0.29999999999999999" a="1"/>
<Shininess>0.10000000149011612</Shininess>
</VisualProperties>
</Instance>
<Instance name="upper leg casin-6" uid="upper leg casin-6" entityUid="upper leg casin*:*Default">
<Transform>
<Rotation>0.81361167598430939 0.58140866926973422 0 0.001873380780239243 -0.0026215716361465877 -0.9999948088898305 -0.58140565111327869 0.81360745243646404 -0.0032221411190725465</Rotation>
<Translation>-0.11620969693899991 -0.034080791696828303 -0.28533362951546565</Translation>
</Transform>
</Instance>
<Instance name="beam filler-4" uid="beam filler-4" entityUid="beam filler*:*Default">
<Transform>
<Rotation>-0.41747023422503227 -2.239147167800185e-16 -0.90869059835353017 0.0029279293414701765 -0.99999480888983061 -0.0013451480076853671 -0.90868588124052418 -0.003222141119073138 0.41746806709105394</Rotation>
<Translation>-0.066231714029556923 -0.064006652823100488 -0.30839103743904545</Translation>
</Transform>
</Instance>
<Instance name="hex bolt gradeb_iso-145" uid="hex bolt gradeb_iso-145" entityUid="hex bolt gradeb_iso*:*ISO 4015 - M4 x 20 x 14-N">
<Transform>
<Rotation>-1 3.117607268996646e-16 1.5412338731527595e-16 -3.0849885665041933e-16 -0.99978512359069571 0.020729366771258941 1.6055287228799976e-16 0.020729366771258941 0.99978512359069571</Rotation>
<Translation>-0.0081279630850549598 -0.044959489636054117 -0.012644931461481693</Translation>
</Transform>
</Instance>
<Instance name="upper leg cap-6" uid="upper leg cap-6" entityUid="upper leg cap*:*Default">
<Transform>
<Rotation>-0.096708839575948904 0.99531271485291173 -9.8235323684175285e-16 0.0032070380248642024 0.00031160952857455654 -0.99999480888983061 -0.99530754807495581 -0.096708337549708298 -0.003222141119073361</Rotation>
<Translation>-0.11620969693900143 -0.012080905901252055 -0.28526274241084559</Translation>
</Transform>
</Instance>
<Instance name="upper leg cap-5" uid="upper leg cap-5" entityUid="upper leg cap*:*Default">
<Transform>
<Rotation>0.096708839575924813 0.99531271485291406 6.6374179373204778e-16 -0.0032070380248639917 0.00031160952857477706 0.99999480888983083 0.99530754807495825 -0.09670833754968422 0.0032221411190731797</Rotation>
<Translation>-0.11620969693899696 -0.091080495803548614 -0.28551729155925415</Translation>
</Transform>
</Instance>
<Instance name="beam filler-1" uid="beam filler-1" entityUid="beam filler*:*Default">
<Transform>
<Rotation>-0.81361167598431128 -2.3753514346441795e-16 0.58140866926973167 -0.0018733807802399434 -0.99999480888983061 -0.0026215716361479529 0.58140565111327602 -0.0032221411190740635 0.81360745243646593</Rotation>
<Translation>-0.031905439894888046 -0.064460763850764463 -0.16745721314575054</Translation>
</Transform>
</Instance>
<Instance name="beam filler-2" uid="beam filler-2" entityUid="beam filler*:*Default">
<Transform>
<Rotation>-0.81361167598431605 -1.3822053039885124e-16 0.5814086692697249 -0.0018733807802397561 -0.99999480888983061 -0.0026215716361475674 0.58140565111326925 -0.0032221411190736411 0.8136074524364707</Rotation>
<Translation>-0.031905439894886825 -0.029460945539620406 -0.16734443820658321</Translation>
</Transform>
</Instance>
<Instance name="motor axle-3" uid="motor axle-3" entityUid="motor axle*:*Default">
<Transform>
<Rotation>-0.4272614078147296 -0.90412813770625189 3.0596185307540935e-16 0.0029132284494150554 -0.001376696550712919 0.99999480888983039 -0.90412344427748181 0.42725918985369044 0.0032221411190737899</Rotation>
<Translation>-0.11620969693900235 -0.11208038679023505 -0.28558495652275234</Translation>
</Transform>
</Instance>
<Instance name="Lower joint cap-6" uid="Lower joint cap-6" entityUid="Lower joint cap*:*Default">
<Transform>
<Rotation>0.57821402524172905 -0.81588512733947849 2.0747394416636274e-16 0.0026288970172415899 0.0018630871863570143 0.99999480888983061 -0.81588089198989699 -0.57821102366902266 0.0032221411190743064</Rotation>
<Translation>-0.11620969693899988 -0.01708087994570083 -0.28527885311644147</Translation>
</Transform>
</Instance>
<Instance name="beam filler-3" uid="beam filler-3" entityUid="beam filler*:*Default">
<Transform>
<Rotation>-0.41747023422503793 -2.3784096458045316e-16 -0.9086905983535275 0.0029279293414709354 -0.9999948088898305 -0.0013451480076857221 -0.90868588124052163 -0.0032221411190739751 0.4174680670910596</Rotation>
<Translation>-0.066231714029558769 -0.029006834511956073 -0.30827826249987744</Translation>
</Transform>
</Instance>
<Instance name="beam filler hip-1" uid="beam filler hip-1" entityUid="beam filler hip*:*Default">
<Transform>
<Rotation>6.1300342558002455e-16 -1 8.0417841331831507e-16 0.99999480888983061 6.1040906707908321e-16 -0.003222141119074361 0.003222141119074361 8.0614942228327062e-16 0.99999480888983061</Rotation>
<Translation>0.022572036914945044 -0.052499727466716266 -0.00016916240875187126</Translation>
</Transform>
</Instance>
<Instance name="upper leg casin-5" uid="upper leg casin-5" entityUid="upper leg casin*:*Default">
<Transform>
<Rotation>-0.81361167598431261 0.58140866926972978 3.1142013338751606e-16 -0.001873380780239145 -0.0026215716361469741 0.99999480888983061 0.58140565111327425 0.81360745243646737 0.0032221411190728024</Rotation>
<Translation>-0.11620969693899963 -0.069080610007972346 -0.28544640445463337</Translation>
</Transform>
</Instance>
<Instance name="bearing-5" uid="bearing-5" entityUid="bearing*:*Default">
<Transform>
<Rotation>3.103325430832406e-16 -0.94804902591559126 -0.31812425946554035 0.99999480888983061 0.0010250412573988407 -0.0030547477492995751 0.0032221411190729399 -0.3181226080474619 0.94804410448865173</Rotation>
<Translation>-0.11620969693900302 -0.082585739900991301 -0.28548992011487345</Translation>
</Transform>
<VisualProperties>
<Ambient r="0.792156862745098" g="0.81960784313725488" b="0.93333333333333335" a="0.25"/>
<Diffuse r="0.792156862745098" g="0.81960784313725488" b="0.93333333333333335" a="0.25"/>
<Specular r="0.396078431372549" g="0.40980392156862744" b="0.46666666666666667" a="0.25"/>
<Emissive r="0" g="0" b="0" a="0.25"/>
<Shininess>0.40000000596046448</Shininess>
</VisualProperties>
</Instance>
<Instance name="beam filler hip-2" uid="beam filler hip-2" entityUid="beam filler hip*:*Default">
<Transform>
<Rotation>1.5817504098151751e-15 -1 2.1240081023052563e-16 0.99999480888983061 1.5810578133901691e-15 -0.0032221411190739725 0.0032221411190739725 2.1749633067009726e-16 0.99999480888983061</Rotation>
<Translation>-0.012427963085054958 -0.052499727466716294 -0.0001691624087518418</Translation>
</Transform>
</Instance>
<Instance name="Ball bearing filler small-5" uid="Ball bearing filler small-5" entityUid="Ball bearing filler small*:*Default">
<Transform>
<Rotation>-0.8136116759843055 0.58140866926973933 3.1714184094621886e-16 -0.0018733807802391359 -0.0026215716361469082 0.99999480888983083 0.58140565111328379 0.8136074524364606 0.0032221411190727408</Rotation>
<Translation>-0.11620969693900275 -0.02408084360793003 -0.28530140810427385</Translation>
</Transform>
</Instance>
<Instance name="Lower joint cap-5" uid="Lower joint cap-5" entityUid="Lower joint cap*:*Default">
<Transform>
<Rotation>0.99568425946675421 -0.092805471014058241 -7.5217711562307997e-16 -0.00029903232423011912 -0.0032082351940419035 -0.99999480888983072 0.092804989250633879 0.99567909076006966 -0.0032221411190733948</Rotation>
<Translation>-0.11620969693900053 -0.086080521759099402 -0.28550118085365717</Translation>
</Transform>
</Instance>
<Instance name="upper leg cap-11" uid="upper leg cap-11" entityUid="upper leg cap*:*Default">
<Transform>
<Rotation>0.81361167598431505 0.58140866926972623 -2.3032774011623111e-16 0.0018733807802395423 -0.0026215716361474152 -0.9999948088898305 -0.58140565111327069 0.81360745243646981 -0.0032221411190733931</Rotation>
<Translation>-0.11620969693899612 -0.074080584052421475 -0.28546251516023019</Translation>
</Transform>
</Instance>
<Instance name="upperleg-1" uid="upperleg-1" entityUid="upperleg*:*Default">
<Transform>
<Rotation>0.81361167598430972 0.581408669269734 0 0.0018733807802393397 -0.0026215716361465656 -0.99999480888983083 -0.58140565111327835 0.81360745243646448 -0.0032221411190725847</Rotation>
<Translation>-0.058068830012026486 -0.051842858016014993 -0.20402927174140295</Translation>
</Transform>
</Instance>
<Instance name="motor body-3" uid="motor body-3" entityUid="motor body*:*Default">
<Transform>
<Rotation>0.81361167598429873 0.5814086692697491 -3.8033812210791496e-16 0.001873380780239652 -0.0026215716361476711 -0.9999948088898305 -0.58140565111329356 0.81360745243645349 -0.0032221411190736671</Rotation>
<Translation>-0.11620969693900733 -0.12308032968802318 -0.28562040007506023</Translation>
</Transform>
</Instance>
<Instance name="Ball bearing filler-5" uid="Ball bearing filler-5" entityUid="Ball bearing filler*:*Default">
<Transform>
<Rotation>0.99568425946675421 -2.2807327883436274e-16 0.092805471014058533 -0.0002990323242295716 -0.99999480888983061 0.0032082351940416554 0.092804989250634171 -0.0032221411190730986 -0.99567909076006944</Rotation>
<Translation>-0.1162096969389998 -0.079080558096870604 -0.28547862586582401</Translation>
</Transform>
</Instance>
<Instance name="Ball bearing filler small-6" uid="Ball bearing filler small-6" entityUid="Ball bearing filler small*:*Default">
<Transform>
<Rotation>0.09670883957593375 -0.99531271485291306 -2.8248887604109818e-16 -0.003207038024863793 -0.00031160952857517068 -0.9999948088898305 0.99530754807495725 0.096708337549693157 -0.0032221411190730145</Rotation>
<Translation>-0.11620969693899764 -0.079080558096870646 -0.28547862586582501</Translation>
</Transform>
<VisualProperties>
<Ambient r="1" g="1" b="1" a="1"/>
<Diffuse r="1" g="1" b="1" a="1"/>
<Specular r="0.69999998807907104" g="0.69999998807907104" b="0.69999998807907104" a="1"/>
<Emissive r="0.29999999999999999" g="0.29999999999999999" b="0.29999999999999999" a="1"/>
<Shininess>0.10000000149011612</Shininess>
</VisualProperties>
</Instance>
<Instance name="Lower joint casin-3" uid="Lower joint casin-3" entityUid="Lower joint casin*:*Default">
<Transform>
<Rotation>0.41747023422503143 -0.9086905983535305 -2.2830655056680794e-16 -0.0029279293414702324 -0.0013451480076853897 -0.99999480888983083 0.90868588124052474 0.41746806709105327 -0.0032221411190731988</Rotation>
<Translation>-0.11620969693900128 -0.074080584052421433 -0.28546251516022808</Translation>
</Transform>
</Instance>
<Instance name="bearing-6" uid="bearing-6" entityUid="bearing*:*Default">
<Transform>
<Rotation>-1.0540857349391198e-15 -0.37192578921871083 -0.92826246682392533 0.99999480888983072 0.0029909926636456858 -0.0011983973786864933 0.0032221411190736168 -0.92825764811119404 0.37192385851096421</Rotation>
<Translation>-0.11620969693900093 -0.020575661803809014 -0.28529011385522396</Translation>
</Transform>
</Instance>
<Instance name="SEA system-1" uid="SEA system-1" entityUid="SEA system" rigid="true">
<Transform>
<Rotation>-0.41747023422503748 -0.90869059835352772 3.7838655819744105e-16 0.0029279293414707698 -0.0013451480076854903 0.9999948088898305 -0.90868588124052174 0.41746806709105921 0.0032221411190737283</Rotation>
<Translation>-0.11620969693900234 -0.051652737393393683 -0.28539024909815408</Translation>
</Transform>
<Instance name="spring connector-2" uid="spring connector-2" entityUid="spring connector*:*Default">
<Transform>
<Rotation>-4.3498191160118438e-16 0 0.99999999999999978 -1.8843433757798067e-15 1 0 -0.99999999999999989 -1.884993897083298e-15 -4.3454823073219018e-16</Rotation>
<Translation>0.023498263518223261 -0.11600984807753012 7.2036914945450281e-05</Translation>
</Transform>
</Instance>
<Instance name="spring connector-1" uid="spring connector-1" entityUid="spring connector*:*Default">
<Transform>
<Rotation>5.0393716977126246e-16 3.3306690738754696e-16 -0.99999999999999989 1.6735744734486246e-15 1 3.3306690738754696e-16 0.99999999999999989 -1.6737913138831217e-15 5.0393716977126246e-16</Rotation>
<Translation>-0.023498263518223261 -0.11600984807753006 7.2036914945373953e-05</Translation>
</Transform>
</Instance>
<Instance name="spring base-1" uid="spring base-1" entityUid="spring base*:*Default">
<Transform>
<Rotation>5.5511151231257827e-16 -4.9352882891540162e-16 -0.99999999999999989 1 -9.781672000164221e-16 5.5511151231257827e-16 -9.786008808854163e-16 -0.99999999999999989 4.9266146717741321e-16</Rotation>
<Translation>-0.012498263518223252 -0.055009848077530232 7.2036914945262931e-05</Translation>
</Transform>
</Instance>
<Instance name="spring-1" uid="spring-1" entityUid="spring*:*Default">
<Transform>
<Rotation>-0.99999999999999978 -4.9960036108132044e-16 0 -3.8857805861880479e-16 1 -2.0745124368337642e-15 0 -2.0749461177027584e-15 -0.99999999999999989</Rotation>
<Translation>0.023498263518223317 -0.11300984807753023 7.2036914945367014e-05</Translation>
</Transform>
</Instance>
<Instance name="spring holder-1" uid="spring holder-1" entityUid="spring holder*:*Default">
<Transform>
<Rotation>0.76073513419101346 0 -0.64906244353481157 -1.3322676295501878e-15 -1 -1.4988010832439613e-15 -0.64906244353481168 1.9463597400459776e-15 -0.76073513419101346</Rotation>
<Translation>0.023498263518223261 -0.11500984807753012 7.2036914945450281e-05</Translation>
</Transform>
</Instance>
<Instance name="spring-2" uid="spring-2" entityUid="spring*:*Default">
<Transform>
<Rotation>-1 3.3306690738754696e-16 -6.9388939039072284e-16 4.4408920985006262e-16 1 -2.463090495452569e-15 6.9388939039072284e-16 -2.4635241763215632e-15 -0.99999999999999978</Rotation>
<Translation>-0.023498263518223206 -0.11300984807753006 7.2036914945401709e-05</Translation>
</Transform>
</Instance>
<Instance name="spring base-2" uid="spring base-2" entityUid="spring base*:*Default">
<Transform>
<Rotation>0 4.8528889240451178e-16 0.99999999999999989 1 1.8385900441009184e-15 0 -1.8390237249699126e-15 0.99999999999999989 -4.8528889240451178e-16</Rotation>
<Translation>0.012498263518223252 -0.055009848077530163 7.2036914945339259e-05</Translation>
</Transform>
</Instance>
<Instance name="Motor axis connector-1" uid="Motor axis connector-1" entityUid="Motor axis connector*:*Default">
<Transform>
<Rotation>1 0 0 0 1 0 0 0 1</Rotation>
<Translation>0 0 0</Translation>
</Transform>
</Instance>
<Instance name="spring holder-2" uid="spring holder-2" entityUid="spring holder*:*Default">
<Transform>
<Rotation>0.45073332239401576 2.5616377777420008e-16 0.89265865373257447 -1.6375789613221057e-15 1 5.3990136781829424e-16 -0.89265865373257447 -1.7051505682763918e-15 0.45073332239401576</Rotation>
<Translation>-0.023498263518223261 -0.11600984807753004 7.2036914945373953e-05</Translation>
</Transform>
</Instance>
</Instance>
<Instance name="upper leg cap-12" uid="upper leg cap-12" entityUid="upper leg cap*:*Default">
<Transform>
<Rotation>0.096708839575943645 0.99531271485291217 6.2669850184977546e-16 -0.0032070380248639223 0.00031160952857486938 0.99999480888983061 0.99530754807495625 -0.096708337549703025 0.0032221411190731112</Rotation>
<Translation>-0.11620969693900222 -0.02908081765237918 -0.28531751880986927</Translation>
</Transform>
</Instance>
<Instance name="lower leg main-1" uid="lower leg main-1" entityUid="lower leg main*:*Default">
<Transform>
<Rotation>-3.05118874186152e-16 -0.90869059835352772 0.41747023422503748 0.9999948088898305 -0.00134514800768618 -0.002927929341470634 0.0032221411190738935 0.41746806709105916 0.90868588124052163</Rotation>
