<?xml version="1.0" encoding="UTF-8" standalone="no" ?>
<SimscapeMultibodyImportXML version="2.0" xmlns="urn:mathworks:SimscapeMultibody:import" xmlns:xsi="http://www.w3.org/2001/XMLSchema-instance">
<Created by="" on="10/18/18||19:09:29" using="Simscape Multibody Link Version 5.1" from="SolidWorks 25.4.0"/>
<ModelUnits mass="kilogram" length="millimeter"/>
<DataUnits mass="kilogram" length="meter"/>
<RootAssembly name="robot" uid="robot" version="248">
<AssemblyFile name="robot.SLDASM" type="SolidWorks Assembly"/>
<InstanceTree>
<Instance name="body-1" uid="body-1" grounded="true" entityUid="body*:*Default">
<Transform>
<Rotation>1 0 0 0 1 0 0 0 1</Rotation>
<Translation>0.23437623706185995 0.30855632640378905 0.45815251180117011</Translation>
</Transform>
</Instance>
<Instance name="Leg_model_right-2" uid="Leg_model_right-2" entityUid="Leg_model_right">
<Transform>
<Rotation>9.8529145614841702e-16 0.99806587405710423 0.062165191567536214 7.3218654018343797e-16 -0.062165191567536221 0.99806587405710412 0.99999999999999989 -9.3786926184809198e-16 -7.9202123132235311e-16</Rotation>
<Translation>0.12664144860262586 0.26293049490680537 0.90583219834542328</Translation>
</Transform>
<Instance name="hex nut style 1 gradeab_iso-235" uid="hex nut style 1 gradeab_iso-235" entityUid="hex nut style 1 gradeab_iso*:*ISO - 4032 - M4 - W - N">
<Transform>
<Rotation>-0.99999999999999989 -1.0335981156303248e-10 0 -3.8346740355280581e-12 0.037100734796250229 0.99931153074383083 -1.0328865340098798e-10 0.99931153074383072 -0.037100734796250222</Rotation>
<Translation>-0.23486667566693253 -0.027595359466687425 -0.20684765385852955</Translation>
</Transform>
</Instance>
<Instance name="hex nut style 1 gradeab_iso-262" uid="hex nut style 1 gradeab_iso-262" entityUid="hex nut style 1 gradeab_iso*:*ISO - 4032 - M4 - W - N">
<Transform>
<Rotation>-0.99999999999999989 -1.033598459828377e-10 -6.5219220986763234e-16 -3.8353779775862034e-12 0.037100734796251089 0.99931153074383072 -1.0328866170974593e-10 0.99931153074383061 -0.037100734796251082</Rotation>
<Translation>-0.3073310522615823 -0.040145181175071321 -0.27534156092306283</Translation>
</Transform>
</Instance>
<Instance name="hex nut style 1 gradeab_iso-264" uid="hex nut style 1 gradeab_iso-264" entityUid="hex nut style 1 gradeab_iso*:*ISO - 4032 - M4 - W - N">
<Transform>
<Rotation>-0.99999999999999978 -1.0335977032492898e-10 -4.791238855731582e-16 -3.835202221450136e-12 0.037100734796251242 0.99931153074383083 -1.0328859252488732e-10 0.99931153074383061 -0.037100734796251228</Rotation>
<Translation>-0.29283817578708626 -0.039633841340514064 -0.26156857783773979</Translation>
</Transform>
</Instance>
<Instance name="hex nut style 1 gradeab_iso-244" uid="hex nut style 1 gradeab_iso-244" entityUid="hex nut style 1 gradeab_iso*:*ISO - 4032 - M4 - W - N">
<Transform>
<Rotation>-1 1.0335299562823039e-10 5.1476492011831297e-16 -3.8349864917214108e-12 -0.037100734796251478 -0.99931153074383072 -1.0328182117005058e-10 -0.99931153074383072 0.037100734796251478</Rotation>
<Translation>-0.25244996951042686 -0.088805484366538942 -0.20059398535376499</Translation>
</Transform>
</Instance>
<Instance name="hex nut style 1 gradeab_iso-247" uid="hex nut style 1 gradeab_iso-247" entityUid="hex nut style 1 gradeab_iso*:*ISO - 4032 - M4 - W - N">
<Transform>
<Rotation>-0.99999999999999989 -1.0335981156303248e-10 0 -3.8346740355280581e-12 0.037100734796250229 0.99931153074383083 -1.0328865340098798e-10 0.99931153074383072 -0.037100734796250222</Rotation>
<Translation>-0.22762023632620743 -0.027339690814953646 -0.19996116223017313</Translation>
</Transform>
</Instance>
<Instance name="hex nut style 1 gradeab_iso-243" uid="hex nut style 1 gradeab_iso-243" entityUid="hex nut style 1 gradeab_iso*:*ISO - 4032 - M4 - W - N">
<Transform>
<Rotation>-1 1.0335299562823039e-10 5.1476492011831297e-16 -3.8349864917214108e-12 -0.037100734796251478 -0.99931153074383072 -1.0328182117005058e-10 -0.99931153074383072 0.037100734796251478</Rotation>
<Translation>-0.24520353016970142 -0.088549815714805608 -0.19370749372540849</Translation>
</Transform>
</Instance>
<Instance name="hex nut style 1 gradeab_iso-234" uid="hex nut style 1 gradeab_iso-234" entityUid="hex nut style 1 gradeab_iso*:*ISO - 4032 - M4 - W - N">
<Transform>
<Rotation>-0.99999999999999978 -1.033601743592459e-10 2.2402526899775585e-16 -3.834514546362095e-12 0.037100734796250402 0.99931153074383083 -1.0328902236838934e-10 0.99931153074383061 -0.037100734796250388</Rotation>
<Translation>-0.24211311500765853 -0.027851028118419344 -0.21373414548688691</Translation>
</Transform>
</Instance>
<Instance name="hex nut style 1 gradeab_iso-250" uid="hex nut style 1 gradeab_iso-250" entityUid="hex nut style 1 gradeab_iso*:*ISO - 4032 - M4 - W - N">
<Transform>
<Rotation>1.4592825355253931e-15 -2.2584056576485981e-15 1.0000000000000002 0.013721616556651734 -0.99990585418781919 -2.278216753614023e-15 0.99990585418781919 0.013721616556651734 -1.4281561737222578e-15</Rotation>
<Translation>-0.16947968658125578 -0.059616406468594077 -0.039707951777305128</Translation>
</Transform>
</Instance>
<Instance name="hex nut style 1 gradeab_iso-253" uid="hex nut style 1 gradeab_iso-253" entityUid="hex nut style 1 gradeab_iso*:*ISO - 4032 - M4 - W - N">
<Transform>
<Rotation>1.4592825355253931e-15 -2.2584056576485981e-15 1.0000000000000002 0.013721616556651734 -0.99990585418781919 -2.278216753614023e-15 0.99990585418781919 0.013721616556651734 -1.4281561737222578e-15</Rotation>
<Translation>-0.16947968657199852 -0.044626733508872168 -0.040264462807157092</Translation>
</Transform>
</Instance>
<Instance name="hex nut style 1 gradeab_iso-254" uid="hex nut style 1 gradeab_iso-254" entityUid="hex nut style 1 gradeab_iso*:*ISO - 4032 - M4 - W - N">
<Transform>
<Rotation>1.4592825355253931e-15 -2.2584056576485981e-15 1.0000000000000002 0.013721616556651734 -0.99990585418781919 -2.278216753614023e-15 0.99990585418781919 0.013721616556651734 -1.4281561737222578e-15</Rotation>
<Translation>-0.16947968657322887 -0.045090492701116633 -0.052755856933373368</Translation>
</Transform>
</Instance>
<Instance name="hex nut style 1 gradeab_iso-258" uid="hex nut style 1 gradeab_iso-258" entityUid="hex nut style 1 gradeab_iso*:*ISO - 4032 - M4 - W - N">
<Transform>
<Rotation>-1.4499310534019698e-15 -2.2485290739178927e-15 -0.99999999999999989 -0.01372161655665502 -0.99990585418781908 2.2682127822703852e-15 -0.99990585418781897 0.013721616556655013 1.4189410946965488e-15</Rotation>
<Translation>-0.23087968658125857 -0.059616406468576071 -0.039707951777317452</Translation>
</Transform>
</Instance>
<Instance name="hex nut style 1 gradeab_iso-242" uid="hex nut style 1 gradeab_iso-242" entityUid="hex nut style 1 gradeab_iso*:*ISO - 4032 - M4 - W - N">
<Transform>
<Rotation>-1 1.0335299562823039e-10 5.1476492011831297e-16 -3.8349864917214108e-12 -0.037100734796251478 -0.99931153074383072 -1.0328182117005058e-10 -0.99931153074383072 0.037100734796251478</Rotation>
<Translation>-0.23795709082894112 -0.088294147063072995 -0.18682100209708602</Translation>
</Transform>
</Instance>
<Instance name="hex nut style 1 gradeab_iso-249" uid="hex nut style 1 gradeab_iso-249" entityUid="hex nut style 1 gradeab_iso*:*ISO - 4032 - M4 - W - N">
<Transform>
<Rotation>1.5273662168102225e-15 -2.3602005994154867e-15 1.0000000000000002 0.013721616556651401 -0.99990585418781919 -2.3809363299817981e-15 0.99990585418781919 0.013721616556651401 -1.4948366540552851e-15</Rotation>
<Translation>-0.16947968658223966 -0.059987413822390215 -0.049701067078277983</Translation>
</Transform>
</Instance>
<Instance name="hex nut style 1 gradeab_iso-237" uid="hex nut style 1 gradeab_iso-237" entityUid="hex nut style 1 gradeab_iso*:*ISO - 4032 - M4 - W - N">
<Transform>
<Rotation>-0.99999999999999989 -1.0335981156303248e-10 0 -3.8346740355280581e-12 0.037100734796250229 0.99931153074383083 -1.0328865340098798e-10 0.99931153074383072 -0.037100734796250222</Rotation>
<Translation>-0.23795709082894179 -0.0269364190754003 -0.18909898721357654</Translation>
</Transform>
</Instance>
<Instance name="hex nut style 1 gradeab_iso-238" uid="hex nut style 1 gradeab_iso-238" entityUid="hex nut style 1 gradeab_iso*:*ISO - 4032 - M4 - W - N">
<Transform>
<Rotation>-0.99999999999999978 -1.0336014699439913e-10 1.9349581904005277e-16 -3.8345440395375367e-12 0.037100734796250361 0.99931153074383083 -1.0328899388971739e-10 0.99931153074383061 -0.037100734796250347</Rotation>
<Translation>-0.2452035301697012 -0.027192087727135078 -0.19598547884189788</Translation>
</Transform>
</Instance>
<Instance name="hex nut style 1 gradeab_iso-240" uid="hex nut style 1 gradeab_iso-240" entityUid="hex nut style 1 gradeab_iso*:*ISO - 4032 - M4 - W - N">
<Transform>
<Rotation>-1 1.0335299562823039e-10 5.1476492011831297e-16 -3.8349864917214108e-12 -0.037100734796251478 -0.99931153074383072 -1.0328182117005058e-10 -0.99931153074383072 0.037100734796251478</Rotation>
<Translation>-0.22762023632620776 -0.0886974188026243 -0.19768317711368363</Translation>
</Transform>
</Instance>
<Instance name="hex nut style 1 gradeab_iso-248" uid="hex nut style 1 gradeab_iso-248" entityUid="hex nut style 1 gradeab_iso*:*ISO - 4032 - M4 - W - N">
<Transform>
<Rotation>-1 1.0335298432438137e-10 5.1476492011912077e-16 -3.8349860723403079e-12 -0.037100734796251492 -0.99931153074383072 -1.0328180987398391e-10 -0.99931153074383072 0.037100734796251492</Rotation>
<Translation>-0.24211311500765997 -0.089208756106088707 -0.21145616037039755</Translation>
</Transform>
</Instance>
<Instance name="hex nut style 1 gradeab_iso-251" uid="hex nut style 1 gradeab_iso-251" entityUid="hex nut style 1 gradeab_iso*:*ISO - 4032 - M4 - W - N">
<Transform>
<Rotation>1.4592825355253931e-15 -2.2584056576485981e-15 1.0000000000000002 0.013721616556651734 -0.99990585418781919 -2.278216753614023e-15 0.99990585418781919 0.013721616556651734 -1.4281561737222578e-15</Rotation>
<Translation>-0.16947968658027213 -0.059245399114798404 -0.02971483647633158</Translation>
</Transform>
</Instance>
<Instance name="hex nut style 1 gradeab_iso-257" uid="hex nut style 1 gradeab_iso-257" entityUid="hex nut style 1 gradeab_iso*:*ISO - 4032 - M4 - W - N">
<Transform>
<Rotation>-1.3012196471098915e-16 -3.4867774921962036e-15 -0.99999999999999989 -0.013721616556654354 -0.99990585418781908 3.4882347104026703e-15 -0.99990585418781897 0.013721616556654347 0</Rotation>
<Translation>-0.23087968657200975 -0.044626733508876748 -0.040264462807141327</Translation>
</Transform>
</Instance>
<Instance name="hex nut style 1 gradeab_iso-259" uid="hex nut style 1 gradeab_iso-259" entityUid="hex nut style 1 gradeab_iso*:*ISO - 4032 - M4 - W - N">
<Transform>
<Rotation>-1.5860984159716295e-15 -2.4521189574516695e-15 -0.99999999999999989 -0.013721616556654354 -0.99990585418781908 2.4736519350059361e-15 -0.99990585418781897 0.013721616556654347 1.5523020553626041e-15</Rotation>
<Translation>-0.2308796865822399 -0.05998741382239179 -0.049701067078275984</Translation>
</Transform>
</Instance>
<Instance name="hex nut style 1 gradeab_iso-260" uid="hex nut style 1 gradeab_iso-260" entityUid="hex nut style 1 gradeab_iso*:*ISO - 4032 - M4 - W - N">
<Transform>
<Rotation>-1.3012196471098915e-16 -3.4867774921962036e-15 -0.99999999999999989 -0.013721616556654354 -0.99990585418781908 3.4882347104026703e-15 -0.99990585418781897 0.013721616556654347 0</Rotation>
<Translation>-0.23087968657324198 -0.045090492701119977 -0.052755856933356715</Translation>
</Transform>
</Instance>
<Instance name="hex nut style 1 gradeab_iso-239" uid="hex nut style 1 gradeab_iso-239" entityUid="hex nut style 1 gradeab_iso*:*ISO - 4032 - M4 - W - N">
<Transform>
<Rotation>-1 -1.0335952433751446e-10 0 -3.8346633792502859e-12 0.037100734796250243 0.99931153074383094 -1.0328836637321588e-10 0.99931153074383094 -0.037100734796250243</Rotation>
<Translation>-0.25244996951042775 -0.02744775637886715 -0.2028719704702544</Translation>
</Transform>
</Instance>
<Instance name="hex nut style 1 gradeab_iso-256" uid="hex nut style 1 gradeab_iso-256" entityUid="hex nut style 1 gradeab_iso*:*ISO - 4032 - M4 - W - N">
<Transform>
<Rotation>-1.3012196471098915e-16 -3.4867774921962036e-15 -0.99999999999999989 -0.013721616556654354 -0.99990585418781908 3.4882347104026703e-15 -0.99990585418781897 0.013721616556654347 0</Rotation>
<Translation>-0.23087968658028568 -0.059245399114801665 -0.029714836476314621</Translation>
</Transform>
</Instance>
<Instance name="hex nut style 1 gradeab_iso-241" uid="hex nut style 1 gradeab_iso-241" entityUid="hex nut style 1 gradeab_iso*:*ISO - 4032 - M4 - W - N">
<Transform>
<Rotation>-1 1.0335299562823039e-10 5.1476492011831297e-16 -3.8349864917214108e-12 -0.037100734796251478 -0.99931153074383072 -1.0328182117005058e-10 -0.99931153074383072 0.037100734796251478</Rotation>
<Translation>-0.23486667566693287 -0.088953087454357385 -0.20456966874204086</Translation>
</Transform>
</Instance>
<Instance name="hex nut style 1 gradeab_iso-252" uid="hex nut style 1 gradeab_iso-252" entityUid="hex nut style 1 gradeab_iso*:*ISO - 4032 - M4 - W - N">
<Transform>
<Rotation>1.5273662168102225e-15 -2.3602005994154867e-15 1.0000000000000002 0.013721616556651401 -0.99990585418781919 -2.3809363299817981e-15 0.99990585418781919 0.013721616556651401 -1.4948366540552851e-15</Rotation>
<Translation>-0.16947968657076762 -0.044162974316628717 -0.027773068680940843</Translation>
</Transform>
</Instance>
<Instance name="hex nut style 1 gradeab_iso-255" uid="hex nut style 1 gradeab_iso-255" entityUid="hex nut style 1 gradeab_iso*:*ISO - 4032 - M4 - W - N">
<Transform>
<Rotation>-1.3012196471098915e-16 -3.4867774921962036e-15 -0.99999999999999989 -0.013721616556654354 -0.99990585418781908 3.4882347104026703e-15 -0.99990585418781897 0.013721616556654347 0</Rotation>
<Translation>-0.23087968657077651 -0.044162974316627357 -0.027773068680932739</Translation>
</Transform>
</Instance>
<Instance name="hex nut style 1 gradeab_iso-261" uid="hex nut style 1 gradeab_iso-261" entityUid="hex nut style 1 gradeab_iso*:*ISO - 4032 - M4 - W - N">
<Transform>
<Rotation>-0.99999999999999978 -1.0335977032492898e-10 -4.791238855731582e-16 -3.835202221450136e-12 0.037100734796251242 0.99931153074383083 -1.0328859252488732e-10 0.99931153074383061 -0.037100734796251228</Rotation>
<Translation>-0.31766790618170415 -0.039741908900184947 -0.26447938699210549</Translation>
</Transform>
</Instance>
<Instance name="hex nut style 1 gradeab_iso-263" uid="hex nut style 1 gradeab_iso-263" entityUid="hex nut style 1 gradeab_iso*:*ISO - 4032 - M4 - W - N">
<Transform>
<Rotation>-0.99999999999999989 -1.0335988033772685e-10 -6.5219220986763234e-16 -3.8353792521778338e-12 0.037100734796251089 0.99931153074383072 -1.0328869604098278e-10 0.99931153074383061 -0.037100734796251082</Rotation>
<Translation>-0.30008461402433417 -0.039889511257792776 -0.26845506938040148</Translation>
</Transform>
</Instance>
<Instance name="hex nut style 1 gradeab_iso-281" uid="hex nut style 1 gradeab_iso-281" entityUid="hex nut style 1 gradeab_iso*:*ISO - 4032 - M4 - W - N">
<Transform>
<Rotation>-1 1.0333705837455336e-10 3.3204065526379032e-15 -3.8371989179332208e-12 -0.037100734796245191 -0.99931153074383094 -1.0326579079731661e-10 -0.99931153074383094 0.037100734796245191</Rotation>
<Translation>-0.29545415156944466 -0.094039573148377603 -0.34157440927115956</Translation>
</Transform>
</Instance>
<Instance name="hex nut style 1 gradeab_iso-278" uid="hex nut style 1 gradeab_iso-278" entityUid="hex nut style 1 gradeab_iso*:*ISO - 4032 - M4 - W - N">
<Transform>
<Rotation>-1 -1.0334340524413854e-10 -2.6461193225028646e-15 -3.8367605684543605e-12 0.037100734796244997 0.99931153074383094 -1.0327215831382891e-10 0.99931153074383094 -0.037100734796244997</Rotation>
<Translation>-0.28705481659187548 -0.032220763217213955 -0.33143311198583503</Translation>
</Transform>
</Instance>
<Instance name="hex nut style 1 gradeab_iso-265" uid="hex nut style 1 gradeab_iso-265" entityUid="hex nut style 1 gradeab_iso*:*ISO - 4032 - M4 - W - N">
<Transform>
<Rotation>-0.99999999999999989 -1.0336043684185565e-10 -4.7912388557005345e-16 -3.8352269497178691e-12 0.037100734796251256 0.99931153074383072 -1.0328925858293759e-10 0.99931153074383061 -0.037100734796251249</Rotation>
<Translation>-0.30317502970720811 -0.039230569065627774 -0.25070640390678234</Translation>
</Transform>
</Instance>
<Instance name="hex nut style 1 gradeab_iso-274" uid="hex nut style 1 gradeab_iso-274" entityUid="hex nut style 1 gradeab_iso*:*ISO - 4032 - M4 - W - N">
<Transform>
<Rotation>-1 -1.0334340524413855e-10 -2.6461193225044802e-15 -3.8367605684543621e-12 0.037100734796245011 0.99931153074383106 -1.0327215831382891e-10 0.99931153074383106 -0.037100734796245011</Rotation>
<Translation>-0.30373937729384437 -0.032474097494394963 -0.33825669285853721</Translation>
</Transform>
</Instance>
<Instance name="hex nut style 1 gradeab_iso-271" uid="hex nut style 1 gradeab_iso-271" entityUid="hex nut style 1 gradeab_iso*:*ISO - 4032 - M4 - W - N">
<Transform>
<Rotation>-1 1.0335299562823039e-10 5.1476492011831297e-16 -3.8349864917214124e-12 -0.037100734796251492 -0.99931153074383072 -1.0328182117005058e-10 -0.99931153074383072 0.037100734796251492</Rotation>
<Translation>-0.31042146794445602 -0.080857736355700066 -0.25605692502887467</Translation>
</Transform>
</Instance>
<Instance name="hex nut style 1 gradeab_iso-279" uid="hex nut style 1 gradeab_iso-279" entityUid="hex nut style 1 gradeab_iso*:*ISO - 4032 - M4 - W - N">
<Transform>
<Rotation>-1 1.0335314232254264e-10 -1.3971148150320801e-15 -3.8330813707234791e-12 -0.037100734796251714 -0.99931153074383072 -1.0328203869551131e-10 -0.99931153074383072 0.037100734796251714</Rotation>
<Translation>-0.31202460301824442 -0.093624077815751994 -0.33038300621293304</Translation>
</Transform>
</Instance>
<Instance name="hex nut style 1 gradeab_iso-276" uid="hex nut style 1 gradeab_iso-276" entityUid="hex nut style 1 gradeab_iso*:*ISO - 4032 - M4 - W - N">
<Transform>
<Rotation>-1 -1.0334355075049979e-10 -2.7326534846516541e-15 -3.8368524414333076e-12 0.0371007347962449 0.99931153074383106 -1.032723005095325e-10 0.99931153074383106 -0.0371007347962449</Rotation>
<Translation>-0.30362526804069101 -0.03180526788458711 -0.32024170892760268</Translation>
</Transform>
</Instance>
<Instance name="hex nut style 1 gradeab_iso-280" uid="hex nut style 1 gradeab_iso-280" entityUid="hex nut style 1 gradeab_iso*:*ISO - 4032 - M4 - W - N">
<Transform>
<Rotation>-1 1.0335314232254264e-10 -1.3971148150304645e-15 -3.8330813707234807e-12 -0.037100734796251714 -0.99931153074383072 -1.0328203869551131e-10 -0.99931153074383072 0.037100734796251714</Rotation>
<Translation>-0.30373937729384326 -0.09383182548206799 -0.33597870774204031</Translation>
</Transform>
</Instance>
<Instance name="hex nut style 1 gradeab_iso-275" uid="hex nut style 1 gradeab_iso-275" entityUid="hex nut style 1 gradeab_iso*:*ISO - 4032 - M4 - W - N">
<Transform>
<Rotation>-1 -1.0334340524413855e-10 -2.6461193225044802e-15 -3.8367605684543621e-12 0.037100734796245011 0.99931153074383106 -1.0327215831382891e-10 0.99931153074383106 -0.037100734796245011</Rotation>
<Translation>-0.29545415156944466 -0.032681845160706519 -0.34385239438764692</Translation>
</Transform>
</Instance>
<Instance name="upper leg cap-16" uid="upper leg cap-16" entityUid="upper leg cap*:*Default">
<Transform>
<Rotation>0.99999999999999989 2.4413501758013972e-15 -2.1173439784133941e-16 -3.021645106351444e-16 0.037100734796252546 -0.99931153074383083 -2.4318138795202586e-15 0.99931153074383072 0.037100734796252539</Rotation>
<Translation>-0.20017968654427687 -0.074154361794243673 -0.16175260697710284</Translation>
</Transform>
</Instance>
<Instance name="hex nut style 1 gradeab_iso-266" uid="hex nut style 1 gradeab_iso-266" entityUid="hex nut style 1 gradeab_iso*:*ISO - 4032 - M4 - W - N">
<Transform>
<Rotation>-0.99999999999999989 -1.0335988033772685e-10 -6.5219220986763234e-16 -3.8353792521778338e-12 0.037100734796251089 0.99931153074383072 -1.0328869604098278e-10 0.99931153074383061 -0.037100734796251082</Rotation>
<Translation>-0.31042146794445602 -0.039486238982906471 -0.25759289544944391</Translation>
</Transform>
</Instance>
<Instance name="hex nut style 1 gradeab_iso-270" uid="hex nut style 1 gradeab_iso-270" entityUid="hex nut style 1 gradeab_iso*:*ISO - 4032 - M4 - W - N">
<Transform>
<Rotation>-1 1.0335299562823039e-10 5.1476492011831297e-16 -3.8349864917214124e-12 -0.037100734796251492 -0.99931153074383072 -1.0328182117005058e-10 -0.99931153074383072 0.037100734796251492</Rotation>
<Translation>-0.30733105226158219 -0.081516678547865096 -0.27380559050249348</Translation>
</Transform>
</Instance>
<Instance name="hex nut style 1 gradeab_iso-268" uid="hex nut style 1 gradeab_iso-268" entityUid="hex nut style 1 gradeab_iso*:*ISO - 4032 - M4 - W - N">
<Transform>
<Rotation>-1 1.0335299562823039e-10 5.1476492011831297e-16 -3.8349864917214124e-12 -0.037100734796251492 -0.99931153074383072 -1.0328182117005058e-10 -0.99931153074383072 0.037100734796251492</Rotation>
<Translation>-0.29283817578708615 -0.08100533871330777 -0.2600326074171706</Translation>
</Transform>
</Instance>
<Instance name="hex nut style 1 gradeab_iso-272" uid="hex nut style 1 gradeab_iso-272" entityUid="hex nut style 1 gradeab_iso*:*ISO - 4032 - M4 - W - N">
<Transform>
<Rotation>-1 1.0335321508229575e-10 4.7957688964137157e-16 -3.8349594698239106e-12 -0.037100734796251686 -0.99931153074383072 -1.0328204177853033e-10 -0.99931153074383072 0.037100734796251686</Rotation>
<Translation>-0.31766790618170393 -0.081113406272978805 -0.26294341657153614</Translation>
</Transform>
</Instance>
<Instance name="hex nut style 1 gradeab_iso-273" uid="hex nut style 1 gradeab_iso-273" entityUid="hex nut style 1 gradeab_iso*:*ISO - 4032 - M4 - W - N">
<Transform>
<Rotation>-1 -1.0334340524413855e-10 -2.6461193225028646e-15 -3.8367605684543605e-12 0.037100734796245011 0.99931153074383106 -1.0327215831382891e-10 0.99931153074383106 -0.037100734796245011</Rotation>
<Translation>-0.31202460301824253 -0.03226634982808492 -0.33266099132942739</Translation>
</Transform>
</Instance>
<Instance name="upper leg cap-13" uid="upper leg cap-13" entityUid="upper leg cap*:*Default">
<Transform>
<Rotation>8.5229336595108007e-16 9.6137601697957878e-16 -0.99999999999999989 -0.062165191567540981 0.9980658740571039 9.0653361431816731e-16 0.9980658740571039 0.062165191567540981 9.1040904750501095e-16</Rotation>
<Translation>-0.21767968654424297 0.00034228537040696672 -0.041933995896811432</Translation>
</Transform>
</Instance>
<Instance name="hex nut style 1 gradeab_iso-269" uid="hex nut style 1 gradeab_iso-269" entityUid="hex nut style 1 gradeab_iso*:*ISO - 4032 - M4 - W - N">
<Transform>
<Rotation>-1 1.0335299562823039e-10 5.1476492011831297e-16 -3.8349864917214124e-12 -0.037100734796251492 -0.99931153074383072 -1.0328182117005058e-10 -0.99931153074383072 0.037100734796251492</Rotation>
<Translation>-0.30008461402433406 -0.081261008630586287 -0.26691909895983207</Translation>
</Transform>
</Instance>
<Instance name="hex nut style 1 gradeab_iso-267" uid="hex nut style 1 gradeab_iso-267" entityUid="hex nut style 1 gradeab_iso*:*ISO - 4032 - M4 - W - N">
<Transform>
<Rotation>-1 1.0335295898763857e-10 5.1476492011750518e-16 -3.8349851323285319e-12 -0.037100734796251492 -0.99931153074383072 -1.0328178455468467e-10 -0.99931153074383072 0.037100734796251492</Rotation>
<Translation>-0.303175029707208 -0.080602066438421299 -0.24917043348621323</Translation>
</Transform>
</Instance>
<Instance name="hex nut style 1 gradeab_iso-277" uid="hex nut style 1 gradeab_iso-277" entityUid="hex nut style 1 gradeab_iso*:*ISO - 4032 - M4 - W - N">
<Transform>
<Rotation>-0.99999999999999989 -1.033435483431225e-10 -2.7326534846501584e-15 -3.8368523521178387e-12 0.037100734796244907 0.99931153074383106 -1.0327229810381259e-10 0.99931153074383094 -0.0371007347962449</Rotation>
<Translation>-0.29534004231629141 -0.032013015550898083 -0.32583741045671294</Translation>
</Transform>
</Instance>
<Instance name="hex nut style 1 gradeab_iso-283" uid="hex nut style 1 gradeab_iso-283" entityUid="hex nut style 1 gradeab_iso*:*ISO - 4032 - M4 - W - N">
<Transform>
<Rotation>-1 1.0333761789270622e-10 2.7906419384393187e-15 -3.8366902765802466e-12 -0.037100734796244927 -0.99931153074383106 -1.0326636958491487e-10 -0.99931153074383106 0.037100734796244927</Rotation>
<Translation>-0.29534004231627509 -0.093370743538574386 -0.32355942534023541</Translation>
</Transform>
</Instance>
<Instance name="hex nut style 1 gradeab_iso-284" uid="hex nut style 1 gradeab_iso-284" entityUid="hex nut style 1 gradeab_iso*:*ISO - 4032 - M4 - W - N">
<Transform>
<Rotation>-1 1.0333761789270622e-10 2.7906419384393187e-15 -3.8366902765802466e-12 -0.037100734796244927 -0.99931153074383106 -1.0326636958491487e-10 -0.99931153074383106 0.037100734796244927</Rotation>
<Translation>-0.28705481659187504 -0.093578491204885761 -0.32915512686934589</Translation>
</Transform>
</Instance>
<Instance name="upper leg cap-17" uid="upper leg cap-17" entityUid="upper leg cap*:*Default">
<Transform>
<Rotation>0.28299816270376543 0.95912045119801981 1.6884679727259295e-16 0.035584073497558363 -0.010499439782298883 0.99931153074383083 0.95846012625440657 -0.28280332716919165 -0.037100734796251089</Rotation>
<Translation>-0.34510845128951018 -0.084264317793349808 -0.29929693415626524</Translation>
</Transform>
</Instance>
<Instance name="upper leg cap-15" uid="upper leg cap-15" entityUid="upper leg cap*:*Default">
<Transform>
<Rotation>0.99999999999999989 -2.3371298644286531e-15 1.8768385764318883e-16 -2.7426387836188629e-16 -0.03710073479625034 0.99931153074383083 -2.3285576133413617e-15 -0.99931153074383072 -0.037100734796250333</Rotation>
<Translation>-0.20017968654430907 -0.03917845821819288 -0.16305113269497257</Translation>
</Transform>
</Instance>
<Instance name="upper leg cap-14" uid="upper leg cap-14" entityUid="upper leg cap*:*Default">
<Transform>
<Rotation>-7.3218654018344014e-16 9.8529145614842057e-16 1 0.062165191567534625 0.99806587405710434 -9.3786926184809652e-16 -0.99806587405710434 0.062165191567534625 -7.920212313223541e-16</Rotation>
<Translation>-0.18267968654431799 0.00034228537034373951 -0.04193399589666752</Translation>
</Transform>
</Instance>
<Instance name="hex nut style 1 gradeab_iso-282" uid="hex nut style 1 gradeab_iso-282" entityUid="hex nut style 1 gradeab_iso*:*ISO - 4032 - M4 - W - N">
<Transform>
<Rotation>-1 1.0333745886998457e-10 2.7906419384409343e-15 -3.8366843767204261e-12 -0.037100734796244927 -0.99931153074383106 -1.0326621067167548e-10 -0.99931153074383106 0.037100734796244927</Rotation>
<Translation>-0.30362526804067491 -0.093162995872262844 -0.31796372381112525</Translation>
</Transform>
</Instance>
<Instance name="hex nut style 1 gradeab_iso-146" uid="hex nut style 1 gradeab_iso-146" entityUid="hex nut style 1 gradeab_iso*:*ISO - 4032 - M3 - W - N">
<Transform>
<Rotation>1.459282535525395e-15 -2.2584056576485969e-15 0.99999999999999989 0.013721616556652598 -0.99990585418781908 -2.278216753614023e-15 0.99990585418781897 0.013721616556652591 -1.4281561737222576e-15</Rotation>
<Translation>-0.15827968656078995 -0.028460062758671634 -0.023847955929766629</Translation>
</Transform>
</Instance>
<Instance name="hex nut style 1 gradeab_iso-173" uid="hex nut style 1 gradeab_iso-173" entityUid="hex nut style 1 gradeab_iso*:*ISO - 4032 - M3 - W - N">
<Transform>
<Rotation>-0.99999999999999989 1.0335220287389576e-10 1.555622722624622e-15 -3.8359972211568803e-12 -0.037100734796250423 -0.99931153074383083 -1.0328099034491362e-10 -0.99931153074383072 0.037100734796250416</Rotation>
<Translation>-0.19055491644113154 -0.097327353139102069 -0.12825011867096892</Translation>
</Transform>
</Instance>
<Instance name="hex nut style 1 gradeab_iso-147" uid="hex nut style 1 gradeab_iso-147" entityUid="hex nut style 1 gradeab_iso*:*ISO - 4032 - M3 - W - N">
<Transform>
<Rotation>1.3231151729557354e-15 -2.0548157741148189e-15 0.99999999999999989 0.013721616556653209 -0.99990585418781908 -2.0727776008784717e-15 0.99990585418781897 0.013721616556653202 -1.2947952130562027e-15</Rotation>
<Translation>-0.15827968656415226 -0.02972185876894877 -0.057834541068343348</Translation>
</Transform>
</Instance>
<Instance name="hex bolt gradeb_iso-278" uid="hex bolt gradeb_iso-278" entityUid="hex bolt gradeb_iso*:*ISO 4015 - M3 x 30 x 12-N">
<Transform>
<Rotation>0 0.9997851235885532 -0.020729366874587096 -0.99931153074383083 0.00076907474290831941 0.037092762723496153 0.037100734796251214 0.020715095342794088 0.9990968022681872</Rotation>
<Translation>-0.35161740903144589 -0.073091013115033104 -0.32178672587776425</Translation>
</Transform>
</Instance>
<Instance name="hex nut style 1 gradeab_iso-161" uid="hex nut style 1 gradeab_iso-161" entityUid="hex nut style 1 gradeab_iso*:*ISO - 4032 - M3 - W - N">
<Transform>
<Rotation>-1.3012196471098915e-16 -3.4867774921962036e-15 -0.99999999999999989 -0.013721616556654354 -0.99990585418781908 3.4882347104026703e-15 -0.99990585418781897 0.013721616556654347 0</Rotation>
<Translation>-0.24207968652437517 0.030406429509561378 -0.026033450725031049</Translation>
</Transform>
</Instance>
<Instance name="hex nut style 1 gradeab_iso-145" uid="hex nut style 1 gradeab_iso-145" entityUid="hex nut style 1 gradeab_iso*:*ISO - 4032 - M3 - W - N">
<Transform>
<Rotation>1.3231151729557354e-15 -2.0548157741148189e-15 0.99999999999999989 0.013721616556653209 -0.99990585418781908 -2.0727776008784717e-15 0.99990585418781897 0.013721616556653202 -1.2947952130562027e-15</Rotation>
<Translation>-0.15827968654090363 0.0016040813805942161 -0.0079474107581180564</Translation>
</Transform>
</Instance>
<Instance name="hex nut style 1 gradeab_iso-165" uid="hex nut style 1 gradeab_iso-165" entityUid="hex nut style 1 gradeab_iso*:*ISO - 4032 - M3 - W - N">
<Transform>
<Rotation>-7.0225976825657139e-16 -2.7032173439873482e-15 -0.99999999999999989 -0.013721616556655186 -0.99990585418781897 2.7125989866581794e-15 -0.99990585418781897 0.013721616556655172 6.6510114157683256e-16</Rotation>
<Translation>-0.242079686544307 0.01950744490378431 -0.029217995737111341</Translation>
</Transform>
</Instance>
<Instance name="hex nut style 1 gradeab_iso-154" uid="hex nut style 1 gradeab_iso-154" entityUid="hex nut style 1 gradeab_iso*:*ISO - 4032 - M3 - W - N">
<Transform>
<Rotation>6.6864838566195628e-16 -7.2332327021000492e-16 0.99999999999999989 0.013721616556653153 -0.99990585418781908 -7.3243010911254019e-16 0.99990585418781897 0.013721616556653146 -6.5866027065629844e-16</Rotation>
<Translation>-0.15827968654431879 -0.018822874163055683 -0.054649996056282041</Translation>
</Transform>
</Instance>
<Instance name="hex nut style 1 gradeab_iso-163" uid="hex nut style 1 gradeab_iso-163" entityUid="hex nut style 1 gradeab_iso*:*ISO - 4032 - M3 - W - N">
<Transform>
<Rotation>-1.3012196471098915e-16 -3.4867774921962036e-15 -0.99999999999999989 -0.013721616556654354 -0.99990585418781908 3.4882347104026703e-15 -0.99990585418781897 0.013721616556654347 0</Rotation>
<Translation>-0.24207968654087619 0.0016040813805577592 -0.0079474107581103404</Translation>
</Transform>
</Instance>
<Instance name="hex nut style 1 gradeab_iso-162" uid="hex nut style 1 gradeab_iso-162" entityUid="hex nut style 1 gradeab_iso*:*ISO - 4032 - M3 - W - N">
<Transform>
<Rotation>0 -3.384982550429315e-15 -0.99999999999999989 -0.013721616556654631 -0.99990585418781908 3.3855151340348941e-15 -0.99990585418781897 0.013721616556654624 0</Rotation>
<Translation>-0.24207968652772383 0.029144633499305128 -0.060020035863641547</Translation>
</Transform>
</Instance>
<Instance name="hex nut style 1 gradeab_iso-156" uid="hex nut style 1 gradeab_iso-156" entityUid="hex nut style 1 gradeab_iso*:*ISO - 4032 - M3 - W - N">
<Transform>
<Rotation>6.0056470437712695e-16 -6.2152832844311553e-16 1 0.013721616556653604 -0.99990585418781908 -6.2971053274476375e-16 0.99990585418781919 0.013721616556653602 -5.9197979032327189e-16</Rotation>
<Translation>-0.1582796865443189 -0.001087514035708767 -0.018978480793354013</Translation>
</Transform>
</Instance>
<Instance name="hex nut style 1 gradeab_iso-150" uid="hex nut style 1 gradeab_iso-150" entityUid="hex nut style 1 gradeab_iso*:*ISO - 4032 - M3 - W - N">
<Transform>
<Rotation>1.459282535525395e-15 -2.2584056576485961e-15 0.99999999999999989 0.013721616556652598 -0.99990585418781908 -2.2782167536140222e-15 0.99990585418781897 0.013721616556652591 -1.4281561737222576e-15</Rotation>
<Translation>-0.15827968652438063 0.030406429509584387 -0.026033450725046536</Translation>
</Transform>
</Instance>
<Instance name="hex nut style 1 gradeab_iso-153" uid="hex nut style 1 gradeab_iso-153" entityUid="hex nut style 1 gradeab_iso*:*ISO - 4032 - M3 - W - N">
<Transform>
<Rotation>6.0056470437712695e-16 -6.2152832844311553e-16 1 0.013721616556653604 -0.99990585418781908 -6.2971053274476375e-16 0.99990585418781919 0.013721616556653602 -5.9197979032327189e-16</Rotation>
<Translation>-0.1582796865443189 0.0017720847763977587 -0.064889510999980637</Translation>
</Transform>
</Instance>
<Instance name="hex nut style 1 gradeab_iso-160" uid="hex nut style 1 gradeab_iso-160" entityUid="hex nut style 1 gradeab_iso*:*ISO - 4032 - M3 - W - N">
<Transform>
<Rotation>1.3231151729557354e-15 -2.0548157741148189e-15 0.99999999999999989 0.013721616556653209 -0.99990585418781908 -2.0727776008784717e-15 0.99990585418781897 0.013721616556653202 -1.2947952130562027e-15</Rotation>
<Translation>-0.15827968654762992 -0.00091951063995789062 -0.075920581035271578</Translation>
</Transform>
</Instance>
<Instance name="hex nut style 1 gradeab_iso-158" uid="hex nut style 1 gradeab_iso-158" entityUid="hex nut style 1 gradeab_iso*:*ISO - 4032 - M3 - W - N">
<Transform>
<Rotation>6.0056470437712695e-16 -6.2152832844311553e-16 1 0.013721616556653604 -0.99990585418781908 -6.2971053274476375e-16 0.99990585418781919 0.013721616556653602 -5.9197979032327189e-16</Rotation>
<Translation>-0.1582796865443189 -0.020252673569108995 -0.031694480952968562</Translation>
</Transform>
</Instance>
<Instance name="hex nut style 1 gradeab_iso-166" uid="hex nut style 1 gradeab_iso-166" entityUid="hex nut style 1 gradeab_iso*:*ISO - 4032 - M3 - W - N">
<Transform>
<Rotation>-7.0225976825657139e-16 -2.7032173439873482e-15 -0.99999999999999989 -0.013721616556655186 -0.99990585418781897 2.7125989866581794e-15 -0.99990585418781897 0.013721616556655172 6.6510114157683256e-16</Rotation>
<Translation>-0.24207968654432865 0.02093724430982391 -0.052173510840391679</Translation>
</Transform>
</Instance>
<Instance name="hex nut style 1 gradeab_iso-168" uid="hex nut style 1 gradeab_iso-168" entityUid="hex nut style 1 gradeab_iso*:*ISO - 4032 - M3 - W - N">
<Transform>
<Rotation>0 -6.2438805036551475e-15 -0.99999999999999989 -0.01372161655664797 -0.99990585418781908 6.2431669087385576e-15 -0.99990585418781908 0.013721616556647956 0</Rotation>
<Translation>-0.24207968654431922 0.0017720847764218367 -0.064889511000015776</Translation>
</Transform>
</Instance>
<Instance name="hex nut style 1 gradeab_iso-169" uid="hex nut style 1 gradeab_iso-169" entityUid="hex nut style 1 gradeab_iso*:*ISO - 4032 - M3 - W - N">
<Transform>
<Rotation>-7.0225976825657139e-16 -2.7032173439873482e-15 -0.99999999999999989 -0.013721616556655186 -0.99990585418781897 2.7125989866581794e-15 -0.99990585418781897 0.013721616556655172 6.6510114157683256e-16</Rotation>
<Translation>-0.242079686544313 -0.018822874163034881 -0.054649996056318956</Translation>
</Transform>
</Instance>
<Instance name="hex nut style 1 gradeab_iso-170" uid="hex nut style 1 gradeab_iso-170" entityUid="hex nut style 1 gradeab_iso*:*ISO - 4032 - M3 - W - N">
<Transform>
<Rotation>-7.0225976825657139e-16 -2.7032173439873482e-15 -0.99999999999999989 -0.013721616556655186 -0.99990585418781897 2.7125989866581794e-15 -0.99990585418781897 0.013721616556655172 6.6510114157683256e-16</Rotation>
<Translation>-0.24207968654431644 -0.020252673569094118 -0.031694480952996679</Translation>
</Transform>
</Instance>
<Instance name="hex bolt gradeb_iso-277" uid="hex bolt gradeb_iso-277" entityUid="hex bolt gradeb_iso*:*ISO 4015 - M3 x 30 x 12-N">
<Transform>
<Rotation>0 0.9997851235885532 -0.020729366874587096 -0.99931153074383083 0.00076907474290831941 0.037092762723496153 0.037100734796251214 0.020715095342794088 0.9990968022681872</Rotation>
<Translation>-0.32925860861173883 -0.072890930246081717 -0.31639747633471421</Translation>
</Transform>
</Instance>
<Instance name="hex nut style 1 gradeab_iso-151" uid="hex nut style 1 gradeab_iso-151" entityUid="hex nut style 1 gradeab_iso*:*ISO - 4032 - M3 - W - N">
<Transform>
<Rotation>6.0056470437712695e-16 -6.2152832844311553e-16 1 0.013721616556653604 -0.99990585418781908 -6.2971053274476375e-16 0.99990585418781919 0.013721616556653602 -5.9197979032327189e-16</Rotation>
<Translation>-0.15827968654431879 0.019507444903744703 -0.029217995737052582</Translation>
</Transform>
</Instance>
<Instance name="hex nut style 1 gradeab_iso-167" uid="hex nut style 1 gradeab_iso-167" entityUid="hex nut style 1 gradeab_iso*:*ISO - 4032 - M3 - W - N">
<Transform>
<Rotation>-1.3012196471098915e-16 -3.4867774921962036e-15 -0.99999999999999989 -0.013721616556654354 -0.99990585418781908 3.4882347104026703e-15 -0.99990585418781897 0.013721616556654347 0</Rotation>
<Translation>-0.24207968654757073 -0.0009195106399576547 -0.075920581035330836</Translation>
</Transform>
</Instance>
<Instance name="hex nut style 1 gradeab_iso-171" uid="hex nut style 1 gradeab_iso-171" entityUid="hex nut style 1 gradeab_iso*:*ISO - 4032 - M3 - W - N">
<Transform>
<Rotation>-1.3012196471098915e-16 -3.4867774921962036e-15 -0.99999999999999989 -0.013721616556654354 -0.99990585418781908 3.4882347104026703e-15 -0.99990585418781897 0.013721616556654347 0</Rotation>
<Translation>-0.24207968656073053 -0.028460062758720567 -0.023847955929780312</Translation>
</Transform>
</Instance>
<Instance name="hex nut style 1 gradeab_iso-159" uid="hex nut style 1 gradeab_iso-159" entityUid="hex nut style 1 gradeab_iso*:*ISO - 4032 - M3 - W - N">
<Transform>
<Rotation>1.3231151729557354e-15 -2.0548157741148189e-15 0.99999999999999989 0.013721616556653209 -0.99990585418781908 -2.0727776008784717e-15 0.99990585418781897 0.013721616556653202 -1.2947952130562027e-15</Rotation>
<Translation>-0.15827968652774393 0.029144633499308459 -0.060020035863623256</Translation>
</Transform>
</Instance>
<Instance name="hex nut style 1 gradeab_iso-152" uid="hex nut style 1 gradeab_iso-152" entityUid="hex nut style 1 gradeab_iso*:*ISO - 4032 - M3 - W - N">
<Transform>
<Rotation>6.0056470437712695e-16 -6.2152832844311553e-16 1 0.013721616556653604 -0.99990585418781908 -6.2971053274476375e-16 0.99990585418781919 0.013721616556653602 -5.9197979032327189e-16</Rotation>
<Translation>-0.1582796865443189 0.020937244309797848 -0.052173510840365811</Translation>
</Transform>
</Instance>
<Instance name="hex nut style 1 gradeab_iso-164" uid="hex nut style 1 gradeab_iso-164" entityUid="hex nut style 1 gradeab_iso*:*ISO - 4032 - M3 - W - N">
<Transform>
<Rotation>-7.0225976825657139e-16 -2.7032173439873482e-15 -0.99999999999999989 -0.013721616556655186 -0.99990585418781897 2.7125989866581794e-15 -0.99990585418781897 0.013721616556655172 6.6510114157683256e-16</Rotation>
<Translation>-0.24207968654432632 -0.0010875140356941398 -0.018978480793371721</Translation>
</Transform>
</Instance>
<Instance name="hex nut style 1 gradeab_iso-172" uid="hex nut style 1 gradeab_iso-172" entityUid="hex nut style 1 gradeab_iso*:*ISO - 4032 - M3 - W - N">
<Transform>
<Rotation>0 -3.384982550429315e-15 -0.99999999999999989 -0.013721616556654631 -0.99990585418781908 3.3855151340348941e-15 -0.99990585418781897 0.013721616556654624 0</Rotation>
<Translation>-0.24207968656407508 -0.029721858768969392 -0.057834541068400469</Translation>
