<?xml version="1.0" encoding="UTF-8" standalone="no" ?>
<SimscapeMultibodyImportXML version="2.0" xmlns="urn:mathworks:SimscapeMultibody:import" xmlns:xsi="http://www.w3.org/2001/XMLSchema-instance">
<Created by="" on="11/16/18||22:37:29" using="Simscape Multibody Link Version 5.1" from="SolidWorks 25.4.0"/>
<ModelUnits mass="kilogram" length="millimeter"/>
<DataUnits mass="kilogram" length="meter"/>
<RootAssembly name="robot" uid="robot" version="197">
<AssemblyFile name="robot.SLDASM" type="SolidWorks Assembly"/>
<InstanceTree>
<Instance name="Leg_model_left-2" uid="Leg_model_left-2" entityUid="Leg_model_left">
<Transform>
<Rotation>-3.4914813388431334e-15 -1 0 1 -3.4914813388431334e-15 0 0 0 1</Rotation>
<Translation>0.11137139113217125 0.068583391552730244 0.38608449814419982</Translation>
</Transform>
<Instance name="bearing-3" uid="bearing-3" entityUid="bearing*:*Default">
<Transform>
<Rotation>2.9510610146516115e-15 -0.46160841287891918 -0.88708380278269383 0.97231285083485264 0.2072963579967953 -0.10787001465961708 0.23368294781905144 -0.86252298121306292 0.44882779189565425</Rotation>
<Translation>-0.07190662396354984 -0.30651320745602972 -0.12136599144478899</Translation>
</Transform>
</Instance>
<Instance name="Ball bearing filler small-1" uid="Ball bearing filler small-1" entityUid="Ball bearing filler small*:*Default">
<Transform>
<Rotation>7.2873747714084156e-15 0 -1 0.86602540378444326 -0.49999999999999217 6.3012618155978491e-15 -0.49999999999999217 -0.86602540378444326 -3.6606439264076374e-15</Rotation>
<Translation>-0.099406623963550017 -0.25394618949233161 0.017256074076697103</Translation>
</Transform>
</Instance>
<Instance name="motor axle-2" uid="motor axle-2" entityUid="motor axle*:*Default">
<Transform>
<Rotation>0.58693436783145803 -0.80963451498703209 -3.219646771412954e-15 -0.18919778011821875 -0.13715655325116344 -0.97231285083485286 0.78721804340133428 0.57068382843915766 -0.2336829478190505</Rotation>
<Translation>-0.071906623963549729 -0.33519138052883357 -0.12825842325412218</Translation>
</Transform>
</Instance>
<Instance name="upper leg cap-3" uid="upper leg cap-3" entityUid="upper leg cap*:*Default">
<Transform>
<Rotation>1 9.1225748136513864e-15 3.2040374398354211e-15 -5.2471169514618631e-15 0.23368294781905055 0.97231285083485286 8.1212678101522611e-15 -0.97231285083485286 0.23368294781905055</Rotation>
<Translation>-0.07190662396355238 -0.30310505645128333 -0.12054688597609381</Translation>
</Transform>
</Instance>
<Instance name="Ball bearing filler-2" uid="Ball bearing filler-2" entityUid="Ball bearing filler*:*Default">
<Transform>
<Rotation>-5.2490435000290726e-15 1 2.4365003899144212e-15 -0.23368294781906812 -3.5956525984952237e-15 0.97231285083484853 0.97231285083484853 4.5343438561918887e-15 0.23368294781906812</Rotation>
<Translation>-0.044406623963546152 -0.25394618949233261 0.017256074076693384</Translation>
</Transform>
</Instance>
<Instance name="upper leg cap-4" uid="upper leg cap-4" entityUid="upper leg cap*:*Default">
<Transform>
<Rotation>1 5.2337117087736977e-16 -3.0546853307778389e-15 -2.8478068843578627e-15 -0.23368294781905052 -0.97231285083485275 -1.222708387956343e-15 0.97231285083485286 -0.23368294781905069</Rotation>
<Translation>-0.071906623963548952 -0.24962784965534973 -0.10769432384604677</Translation>
</Transform>
</Instance>
<Instance name="Lower joint cap-1" uid="Lower joint cap-1" entityUid="Lower joint cap*:*Default">
<Transform>
<Rotation>6.7294154371489293e-15 3.3289867472788735e-15 -0.99999999999999967 0.95888910315858111 -0.28378105617488292 5.5080597581742531e-15 -0.28378105617488281 -0.95888910315858111 -5.1018097367187228e-15</Rotation>
<Translation>-0.032406623963546113 -0.2539461894923325 0.017256074076693384</Translation>
</Transform>
</Instance>
<Instance name="upper leg cap-2" uid="upper leg cap-2" entityUid="upper leg cap*:*Default">
<Transform>
<Rotation>6.8412733416248628e-15 0 1 0.86602540378444415 0.49999999999999051 -5.9541648156813467e-15 -0.49999999999999023 0.86602540378444448 3.3696307058506427e-15</Rotation>
<Translation>-0.11140662396354938 -0.25394618949233289 0.017256074076695549</Translation>
</Transform>
</Instance>
<Instance name="upper leg casin-3" uid="upper leg casin-3" entityUid="upper leg casin*:*Default">
<Transform>
<Rotation>-1 -4.8008185183766963e-15 3.2040374398354246e-15 4.2371962006265356e-15 -0.23368294781905052 0.97231285083485275 -3.9191686260802586e-15 0.97231285083485286 0.23368294781905069</Rotation>
<Translation>-0.071906623963549784 -0.29338192794293494 -0.11821005649790289</Translation>
</Transform>
</Instance>
<Instance name="hip-1" uid="hip-1" entityUid="hip*:*Default">
<Transform>
<Rotation>1 3.8734493793264011e-15 3.1346485007963512e-15 -3.9530180893633633e-15 0.23368294781905052 0.97231285083485275 3.0336907065346856e-15 -0.97231285083485286 0.23368294781905069</Rotation>
<Translation>-0.071906623963550145 -0.29973474783523013 -0.016889319827584237</Translation>
</Transform>
</Instance>
<Instance name="bearing-2" uid="bearing-2" entityUid="bearing*:*Default">
<Transform>
<Rotation>1 -2.8791672876181799e-15 -1.3950422350962689e-15 -1.1178902170560094e-15 0.097947719097962932 -0.99519156162193545 3.0025867739481005e-15 0.99519156162193556 0.097947719097962863</Rotation>
<Translation>-0.04090142396354908 -0.25394618949232783 0.017256074076700156</Translation>
</Transform>
</Instance>
<Instance name="Lower joint cap-2" uid="Lower joint cap-2" entityUid="Lower joint cap*:*Default">
<Transform>
<Rotation>6.8565470586084307e-15 1.541844425881362e-15 -1 0.95888910315857712 -0.28378105617489618 6.1371220201596286e-15 -0.28378105617489624 -0.95888910315857712 -3.4242159847482084e-15</Rotation>
<Translation>-0.10640662396355088 -0.25394618949233061 0.017256074076699601</Translation>
</Transform>
</Instance>
<Instance name="motor axle-1" uid="motor axle-1" entityUid="motor axle*:*Default">
<Transform>
<Rotation>-3.663736159292767e-15 6.3596181719015848e-15 -0.99999999999999978 -0.24417208116836189 0.96973191902603195 7.0617068169772451e-15 0.96973191902603206 0.24417208116836187 -2.0000006920866961e-15</Rotation>
<Translation>-0.1324066239635501 -0.25394618949232722 0.01725607407669999</Translation>
</Transform>
</Instance>
<Instance name="bearing-1" uid="bearing-1" entityUid="bearing*:*Default">
<Transform>
<Rotation>1 2.669989511633043e-15 4.0149270600799263e-15 -2.5976389899588821e-15 -0.40318393859091678 0.91511896038838347 4.0621121313717925e-15 -0.91511896038838347 -0.40318393859091672</Rotation>
<Translation>-0.10291182396354911 -0.25394618949232878 0.017256074076700045</Translation>
</Transform>
</Instance>
<Instance name="upper leg cap-1" uid="upper leg cap-1" entityUid="upper leg cap*:*Default">
<Transform>
<Rotation>7.3461212452228155e-15 0 0.99999999999999967 0.86602540378443904 0.49999999999999944 -6.4058649579371155e-15 -0.49999999999999944 0.86602540378443904 3.5969589168734604e-15</Rotation>
<Translation>-0.099406623963551141 -0.25394618949233072 0.017256074076698713</Translation>
</Transform>
</Instance>
<Instance name="upper leg cap-7" uid="upper leg cap-7" entityUid="upper leg cap*:*Default">
<Transform>
<Rotation>-1.3830939982769414e-15 -4.7590919511094905e-15 -1 -0.86602540378443682 -0.50000000000000344 3.5773405138843793e-15 -0.50000000000000377 0.8660254037844366 -3.4299475294683867e-15</Rotation>
<Translation>-0.044406623963549274 -0.25394618949232606 0.017256074076702377</Translation>
</Transform>
</Instance>
<Instance name="upper leg casin-7" uid="upper leg casin-7" entityUid="upper leg casin*:*Default">
<Transform>
<Rotation>3.6565902084733259e-15 5.9425859045680862e-15 1 -4.0939474033052647e-15 1 -5.9425859045680664e-15 -1 -3.9274139496114913e-15 3.6565902084733472e-15</Rotation>
<Translation>-0.089406623963550591 -0.25394618949232811 0.017256074076700989</Translation>
</Transform>
<VisualProperties>
<Ambient r="1" g="1" b="1" a="1"/>
<Diffuse r="1" g="1" b="1" a="1"/>
<Specular r="0.69999998807907104" g="0.69999998807907104" b="0.69999998807907104" a="1"/>
<Emissive r="0.29999999999999999" g="0.29999999999999999" b="0.29999999999999999" a="1"/>
<Shininess>0.10000000149011612</Shininess>
</VisualProperties>
</Instance>
<Instance name="hip joint casin-2" uid="hip joint casin-2" entityUid="hip joint casin*:*Default">
<Transform>
<Rotation>-5.2926886585417818e-15 4.1290288140691214e-15 -1 -0.23368294781904905 0.9723128508348533 5.2515188650032911e-15 0.9723128508348533 0.23368294781904911 -4.1812655732665912e-15</Rotation>
<Translation>-0.09440662396355004 -0.25394618949232861 0.017256074076699879</Translation>
</Transform>
</Instance>
<Instance name="upper leg cap-8" uid="upper leg cap-8" entityUid="upper leg cap*:*Default">
<Transform>
<Rotation>-3.6568034939437586e-15 -2.5952165391416572e-15 1 -2.1926904736346842e-15 -1.0000000000000002 -2.5952165391416616e-15 1.0000000000000002 -2.2412627309620348e-15 3.6568034939437515e-15</Rotation>
<Translation>-0.037406623963549282 -0.25394618949232489 0.017256074076703154</Translation>
</Transform>
</Instance>
<Instance name="hip joint casin-1" uid="hip joint casin-1" entityUid="hip joint casin*:*Default">
<Transform>
<Rotation>3.9944690529859693e-15 2.823697475408369e-15 0.99999999999999989 0.23368294781905233 0.97231285083485242 -3.6789566454832262e-15 -0.97231285083485242 0.23368294781905233 3.2240236426777379e-15</Rotation>
<Translation>-0.049406623963551527 -0.25394618949233216 0.017256074076698324</Translation>
</Transform>
</Instance>
<Instance name="SEA system hip-1" uid="SEA system hip-1" entityUid="SEA system hip" rigid="true">
<Transform>
<Rotation>3.5948274761661862e-15 6.3988244151197579e-15 1 0.2336829478190505 0.97231285083485286 -7.0617090905881837e-15 -0.97231285083485286 0.2336829478190505 2.0000007997089068e-15</Rotation>
<Translation>-0.071978660878495207 -0.25394618949232761 0.017256074076700101</Translation>
</Transform>
<Instance name="spring holder-2" uid="spring holder-2" entityUid="spring holder*:*Default">
<Transform>
<Rotation>1 0 0 0 1 0 0 0 1</Rotation>
<Translation>-0.02349826351822315 -0.14000984807753009 7.2036914945138898e-05</Translation>
</Transform>
</Instance>
<Instance name="spring-1" uid="spring-1" entityUid="spring*:*Default">
<Transform>
<Rotation>0 0 -0.99999999999999989 0 0.99999999999999989 1.1102230246251565e-16 1 0 0</Rotation>
<Translation>0.023498263518223261 -0.13700984807753014 7.2036914945138031e-05</Translation>
</Transform>
</Instance>
<Instance name="spring holder-1" uid="spring holder-1" entityUid="spring holder*:*Default">
<Transform>
<Rotation>0.99999999999999989 0 -1.3877787807814496e-16 0 -1 0 0 0 -0.99999999999999989</Rotation>
<Translation>0.023498263518223261 -0.13900984807753014 7.2036914945138898e-05</Translation>
</Transform>
</Instance>
<Instance name="spring-2" uid="spring-2" entityUid="spring*:*Default">
<Transform>
<Rotation>-0.99999999999999989 1.6653345369377348e-16 0 1.9428902930940239e-16 0.99999999999999989 0 0 0 -1</Rotation>
<Translation>-0.023498263518223261 -0.13700984807753008 7.2036914945138465e-05</Translation>
</Transform>
</Instance>
<Instance name="Motor axis connector-1" uid="Motor axis connector-1" entityUid="Motor axis connector*:*Default">
<Transform>
<Rotation>1 0 0 0 1 0 0 0 1</Rotation>
<Translation>0 0 0</Translation>
</Transform>
</Instance>
<Instance name="spring connector hip-1" uid="spring connector hip-1" entityUid="spring connector hip*:*Default">
<Transform>
<Rotation>0 0 1 0 1 0 -1 0 0</Rotation>
<Translation>0.023498263518223261 -0.14000984807753009 7.2036914945138898e-05</Translation>
</Transform>
</Instance>
<Instance name="spring connector hip-2" uid="spring connector hip-2" entityUid="spring connector hip*:*Default">
<Transform>
<Rotation>0 1.6653345369377348e-16 -0.99999999999999989 0 0.99999999999999989 1.6653345369377348e-16 1 0 0</Rotation>
<Translation>-0.02349826351822315 -0.14000984807753009 7.2036914945138898e-05</Translation>
</Transform>
</Instance>
</Instance>
<Instance name="motor body-1" uid="motor body-1" entityUid="motor body*:*Default">
<Transform>
<Rotation>3.6718413370037902e-15 -5.83171492739126e-15 -1 1.1539380562197721e-14 -1.0000000000000002 5.8317149273913018e-15 -1.0000000000000002 -1.1594891713428979e-14 -3.6718413370037216e-15</Rotation>
<Translation>-0.14340662396354986 -0.253946189492333 0.017256074076693884</Translation>
</Transform>
</Instance>
<Instance name="Ball bearing filler small-2" uid="Ball bearing filler small-2" entityUid="Ball bearing filler small*:*Default">
<Transform>
<Rotation>-3.2543476475171338e-15 -3.5527838978809187e-15 1 6.8001160258290838e-16 -1 -3.5527838978809163e-15 1 6.8001160258290838e-16 3.2543476475171358e-15</Rotation>
<Translation>-0.044406623963547179 -0.25394618949232478 0.017256074076701933</Translation>
</Transform>
</Instance>
<Instance name="upper leg casin-2" uid="upper leg casin-2" entityUid="upper leg casin*:*Default">
<Transform>
<Rotation>-3.913542568388315e-15 1.9568382999822727e-15 -1 2.0330959138448179e-15 0.99999999999999989 1.9568382999822636e-15 0.99999999999999989 -1.8665624601510444e-15 -3.9135425683883181e-15</Rotation>
<Translation>-0.054406623963549297 -0.25394618949232606 0.017256074076702266</Translation>
</Transform>
<VisualProperties>
<Ambient r="1" g="1" b="1" a="1"/>
<Diffuse r="1" g="1" b="1" a="1"/>
<Specular r="0.69999998807907104" g="0.69999998807907104" b="0.69999998807907104" a="1"/>
<Emissive r="0.29999999999999999" g="0.29999999999999999" b="0.29999999999999999" a="1"/>
<Shininess>0.10000000149011612</Shininess>
</VisualProperties>
</Instance>
<Instance name="Ball bearing filler-1" uid="Ball bearing filler-1" entityUid="Ball bearing filler*:*Default">
<Transform>
<Rotation>-4.8704207340791956e-15 1 5.6508275426312787e-15 -0.23368294781905544 -6.6325065118105872e-15 0.97231285083485175 0.97231285083485186 3.4150706309385295e-15 0.23368294781905563</Rotation>
<Translation>-0.10640662396354963 -0.25394618949232928 0.017256074076699546</Translation>
</Transform>
</Instance>
<Instance name="Lower joint cap-3" uid="Lower joint cap-3" entityUid="Lower joint cap*:*Default">
<Transform>
<Rotation>0.57815458356155469 -0.81592725013126344 -2.2343238370581275e-15 -0.19066828501656732 -0.13510486738175836 -0.97231285083485275 0.79333655064897035 0.56214713136597272 -0.23368294781905133</Rotation>
<Translation>-0.071906623963551533 -0.30991124640712714 -0.12218266661082716</Translation>
</Transform>
</Instance>
<Instance name="Lower joint casin-1" uid="Lower joint casin-1" entityUid="Lower joint casin*:*Default">
<Transform>
<Rotation>0.57815458356155691 -0.81592725013126188 -2.0400348077487251e-15 -0.19066828501656677 -0.135104867381759 -0.97231285083485275 0.7933365506489688 0.56214713136597494 -0.23368294781905125</Rotation>
<Translation>-0.071906623963549812 -0.29824349219710905 -0.11937847123699841</Translation>
</Transform>
</Instance>
<Instance name="motor body-2" uid="motor body-2" entityUid="motor body*:*Default">
<Transform>
<Rotation>1 0 -3.2040374398354239e-15 -3.1175236687557947e-15 -0.23368294781905052 -0.97231285083485275 -7.3958804241109677e-16 0.97231285083485286 -0.23368294781905069</Rotation>
<Translation>-0.071906623963549993 -0.34588682188801423 -0.13082893568013171</Translation>
</Transform>
</Instance>
<Instance name="Lower joint cap-4" uid="Lower joint cap-4" entityUid="Lower joint cap*:*Default">
<Transform>
<Rotation>0.41753643447286998 -0.90866018174435426 2.3037127760971998e-15 0.21233838983581385 0.097571144829478082 0.97231285083485297 -0.88350197175196876 -0.40597604092973549 0.23368294781905044</Rotation>
<Translation>-0.071906623963550215 -0.24282165969952241 -0.10605854321131247</Translation>
</Transform>
</Instance>
<Instance name="Lower joint casin-2" uid="Lower joint casin-2" entityUid="Lower joint casin*:*Default">
<Transform>
<Rotation>-0.57815458356155636 -0.81592725013126222 1.8457457784393227e-15 0.19066828501656657 -0.13510486738175889 0.97231285083485286 -0.79333655064896935 0.56214713136597438 0.23368294781905102</Rotation>
<Translation>-0.071906623963549895 -0.25448941390954061 -0.10886273858514112</Translation>
</Transform>
<VisualProperties>
<Ambient r="0.792156862745098" g="0.81960784313725488" b="0.93333333333333335" a="1"/>
<Diffuse r="0.792156862745098" g="0.81960784313725488" b="0.93333333333333335" a="1"/>
<Specular r="0.396078431372549" g="0.40980392156862744" b="0.46666666666666667" a="1"/>
<Emissive r="0" g="0" b="0" a="1"/>
<Shininess>0.40000000596046448</Shininess>
</VisualProperties>
</Instance>
<Instance name="Ball bearing filler small-4" uid="Ball bearing filler small-4" entityUid="Ball bearing filler small*:*Default">
<Transform>
<Rotation>-0.50000000000000533 0.86602540378443549 3.1702076605221237e-15 -0.20237536924253055 -0.11684147390953017 0.97231285083485242 0.84204762924904919 0.48615642541743076 0.23368294781905249</Rotation>
<Translation>-0.071906623963552338 -0.30991124640712725 -0.12218266661082705</Translation>
</Transform>
</Instance>
<Instance name="Lower joint casin-3" uid="Lower joint casin-3" entityUid="Lower joint casin*:*Default">
<Transform>
<Rotation>0.74618432129276024 0.66573940746876525 -3.3115454473603684e-15 0.15557194721660705 -0.17437055181605229 -0.97231285083485264 -0.64730698118906138 0.72552460468443292 -0.23368294781905105</Rotation>
<Translation>0.091278826062702545 -0.27122251872075809 -0.23180789751019232</Translation>
</Transform>
</Instance>
<Instance name="Ball bearing filler-6" uid="Ball bearing filler-6" entityUid="Ball bearing filler*:*Default">
<Transform>
<Rotation>0.20345507852196981 -3.3429923826841303e-15 0.97908428187956265 -0.22879530115291691 -0.97231285083485242 0.047543982497767499 0.95197622932191162 -0.23368294781905241 -0.197821987414526</Rotation>
<Translation>0.091278826062702156 -0.21580068622317045 -0.21848796948450694</Translation>
</Transform>
</Instance>
<Instance name="Lower joint cap-5" uid="Lower joint cap-5" entityUid="Lower joint cap*:*Default">
<Transform>
<Rotation>-0.20345507852196498 0.97908428187956376 -3.2543412409324901e-15 0.22879530115291516 0.047543982497766049 -0.97231285083485297 -0.95197622932191317 -0.19782198741452139 -0.23368294781905039</Rotation>
<Translation>0.091278826062702711 -0.28289027293077623 -0.23461209288402096</Translation>
</Transform>
</Instance>
<Instance name="motor body-3" uid="motor body-3" entityUid="motor body*:*Default">
<Transform>
<Rotation>0.57815458356155103 -0.81592725013126599 -2.5673907444456745e-15 -0.19066828501656793 -0.13510486738175706 -0.97231285083485286 0.79333655064897302 0.56214713136596917 -0.23368294781905108</Rotation>
<Translation>0.091278826062702378 -0.31886584841166432 -0.24325836195332706</Translation>
</Transform>
</Instance>
<Instance name="upper leg cap-10" uid="upper leg cap-10" entityUid="upper leg cap*:*Default">
<Transform>
<Rotation>-0.500000000000006 0.86602540378443527 3.352403874681106e-15 -0.20237536924253038 -0.11684147390953048 0.9723128508348523 0.84204762924904875 0.48615642541743131 0.23368294781905255</Rotation>
<Translation>-0.071906623963551755 -0.31477281066130181 -0.12335108134992229</Translation>
</Transform>
</Instance>
<Instance name="upper leg cap-5" uid="upper leg cap-5" entityUid="upper leg cap*:*Default">
<Transform>
<Rotation>-0.9956910180344305 0.092732931613098077 3.5596525727044082e-15 -0.021670104819247769 -0.23267601221123779 0.97231285083485297 0.090165421103005669 0.96812317229571387 0.23368294781905091</Rotation>
<Translation>0.091278826062708124 -0.28775183718495068 -0.23578050762311836</Translation>
</Transform>
</Instance>
<Instance name="upper leg cap-6" uid="upper leg cap-6" entityUid="upper leg cap*:*Default">
<Transform>
<Rotation>0.99569101803443139 0.092732931613088765 -1.8474388336359417e-15 0.021670104819247554 -0.23267601221124115 -0.97231285083485219 -0.090165421102996135 0.96812317229571399 -0.23368294781905424</Rotation>
<Translation>0.091278826062701962 -0.21093912196899428 -0.21731955474541256</Translation>
</Transform>
</Instance>
<Instance name="upper leg casin-6" uid="upper leg casin-6" entityUid="upper leg casin*:*Default">
<Transform>
<Rotation>0.57815458356155502 -0.8159272501312631 -1.9706458687096529e-15 -0.19066828501656866 -0.13510486738175975 -0.97231285083485197 0.79333655064896969 0.56214713136597272 -0.23368294781905319</Rotation>
<Translation>0.091278826062702406 -0.23233000468736326 -0.22246057959743099</Translation>
</Transform>
</Instance>
<Instance name="SEA system-4" uid="SEA system-4" entityUid="SEA system" rigid="true">
<Transform>
<Rotation>-0.57815458356155625 -0.81592725013126222 3.1918911957973251e-15 0.19066828501656694 -0.1351048673817575 0.97231285083485275 -0.79333655064896924 0.5621471313659745 0.2336829478190505</Rotation>
<Translation>-0.071906623963549743 -0.27643649547146065 -0.114137438709706</Translation>
</Transform>
<Instance name="spring-1" uid="spring-1" entityUid="spring*:*Default">
<Transform>
<Rotation>-0.99999999999999989 -4.4408920985006262e-16 0 -4.4408920985006262e-16 1 -2.109423746787797e-15 0 -2.1094237467877974e-15 -0.99999999999999989</Rotation>
<Translation>0.023498263518223206 -0.11300984807753017 7.203691494539477e-05</Translation>
</Transform>
</Instance>
<Instance name="Motor axis connector-1" uid="Motor axis connector-1" entityUid="Motor axis connector*:*Default">
<Transform>
<Rotation>1 0 0 0 1 0 0 0 1</Rotation>
<Translation>0 0 0</Translation>
</Transform>
</Instance>
<Instance name="spring connector-2" uid="spring connector-2" entityUid="spring connector*:*Default">
<Transform>
<Rotation>-3.8857805861880479e-16 1.1102230246251565e-16 0.99999999999999978 -1.8873791418627661e-15 1 0 -0.99999999999999989 -1.8596235662471372e-15 -4.4408920985006262e-16</Rotation>
<Translation>0.023498263518223261 -0.11600984807753009 7.2036914945450281e-05</Translation>
</Transform>
</Instance>
<Instance name="spring base-1" uid="spring base-1" entityUid="spring base*:*Default">
<Transform>
<Rotation>6.106226635438361e-16 -4.7184478546569163e-16 -0.99999999999999989 0.99999999999999989 -9.9920072216264089e-16 6.1062266354383659e-16 -9.9920072216264089e-16 -1 4.7184478546569094e-16</Rotation>
<Translation>-0.012498263518223307 -0.05500984807753026 7.2036914945283748e-05</Translation>
</Transform>
</Instance>
<Instance name="spring connector-1" uid="spring connector-1" entityUid="spring connector*:*Default">
<Transform>
<Rotation>5.2735593669694946e-16 4.9960036108132054e-16 -1 1.6653345369377352e-15 1 4.9960036108132143e-16 1 -1.6653345369377354e-15 5.2735593669694867e-16</Rotation>
<Translation>-0.023498263518223261 -0.11600984807753008 7.203691494539477e-05</Translation>
</Transform>
</Instance>
<Instance name="spring holder-2" uid="spring holder-2" entityUid="spring holder*:*Default">
<Transform>
<Rotation>0.45073332239401576 3.3306690738754696e-16 0.89265865373257425 -1.4988010832439613e-15 1 4.9960036108132044e-16 -0.89265865373257436 -1.5820678100908481e-15 0.45073332239401581</Rotation>
<Translation>-0.023498263518223317 -0.11600984807753006 7.203691494539477e-05</Translation>
</Transform>
</Instance>
<Instance name="spring-2" uid="spring-2" entityUid="spring*:*Default">
<Transform>
<Rotation>-1 3.3306690738754529e-16 -6.9388939039072382e-16 3.3306690738754706e-16 1 -2.4424906541753444e-15 6.9388939039072303e-16 -2.4424906541753448e-15 -1</Rotation>
<Translation>-0.023498263518223261 -0.11300984807753009 7.203691494539477e-05</Translation>
</Transform>
</Instance>
<Instance name="spring base-2" uid="spring base-2" entityUid="spring base*:*Default">
<Transform>
<Rotation>0 4.9960036108132054e-16 1 1 1.8596235662471376e-15 0 -1.8596235662471376e-15 1 -4.9960036108132044e-16</Rotation>
<Translation>0.012498263518223196 -0.055009848077530177 7.2036914945283748e-05</Translation>
</Transform>
</Instance>
<Instance name="spring holder-1" uid="spring holder-1" entityUid="spring holder*:*Default">
<Transform>
<Rotation>0.76073513419101346 0 -0.64906244353481157 -1.1102230246251565e-15 -1 -1.4507111866753779e-15 -0.64906244353481157 1.8242110384997119e-15 -0.76073513419101346</Rotation>
<Translation>0.023498263518223206 -0.11500984807753009 7.2036914945450281e-05</Translation>
</Transform>
</Instance>
</Instance>
<Instance name="SEA system-1" uid="SEA system-1" entityUid="SEA system" rigid="true">
<Transform>
<Rotation>-0.7461843212927558 0.66573940746877047 2.6727662664263478e-15 -0.15557194721660872 -0.17437055181605077 0.97231285083485286 0.64730698118906638 0.7255246046844287 0.23368294781905108</Rotation>
<Translation>0.091278826062702462 -0.24941552199510586 -0.22656686498290229</Translation>
</Transform>
<Instance name="spring-1" uid="spring-1" entityUid="spring*:*Default">
<Transform>
<Rotation>-1 -4.9960036108132025e-16 0 -4.9960036108132034e-16 1 -2.0261570199409107e-15 0 -2.0261570199409107e-15 -1</Rotation>
<Translation>0.023498263518223261 -0.11300984807753017 7.2036914945339259e-05</Translation>
</Transform>
</Instance>
<Instance name="Motor axis connector-1" uid="Motor axis connector-1" entityUid="Motor axis connector*:*Default">
<Transform>
<Rotation>1 0 0 0 1 0 0 0 1</Rotation>
<Translation>0 0 0</Translation>
</Transform>
</Instance>
<Instance name="spring connector-2" uid="spring connector-2" entityUid="spring connector*:*Default">
<Transform>
<Rotation>-4.4408920985006262e-16 0 1 -1.915134717478395e-15 1 0 -1 -1.8873791418627661e-15 -4.7184478546569153e-16</Rotation>
<Translation>0.023498263518223234 -0.11600984807753012 7.203691494539477e-05</Translation>
</Transform>
</Instance>
<Instance name="spring base-1" uid="spring base-1" entityUid="spring base*:*Default">
<Transform>
<Rotation>6.106226635438361e-16 -4.9960036108132025e-16 -1 1 -9.1593399531575375e-16 6.1062266354383659e-16 -9.1593399531575415e-16 -1 4.9960036108131965e-16</Rotation>
<Translation>-0.012498263518223286 -0.055009848077530232 7.2036914945228236e-05</Translation>
</Transform>
</Instance>
<Instance name="spring connector-1" uid="spring connector-1" entityUid="spring connector*:*Default">
<Transform>
<Rotation>5.2735593669694936e-16 3.3306690738754696e-16 -1.0000000000000002 1.6930901125533637e-15 1 2.7755575615628914e-16 1.0000000000000002 -1.6375789613221059e-15 5.2735593669694936e-16</Rotation>
<Translation>-0.023498263518223303 -0.11600984807753009 7.2036914945339259e-05</Translation>
</Transform>
</Instance>
<Instance name="spring holder-2" uid="spring holder-2" entityUid="spring holder*:*Default">
<Transform>
<Rotation>0.45073332239401587 4.5856024149600534e-16 0.89265865373257447 -1.6445178552260131e-15 1 3.1667060409295325e-16 -0.89265865373257447 -1.6107270881725704e-15 0.45073332239401587</Rotation>
<Translation>-0.02349826351822331 -0.11600984807753004 7.2036914945339259e-05</Translation>
</Transform>
</Instance>
<Instance name="spring-2" uid="spring-2" entityUid="spring*:*Default">
<Transform>
<Rotation>-1.0000000000000002 4.4408920985006262e-16 -6.9388939039072284e-16 3.3306690738754696e-16 1 -2.5257573810222311e-15 6.9388939039072284e-16 -2.4147350785597155e-15 -1</Rotation>
<Translation>-0.023498263518223303 -0.11300984807753006 7.203691494539477e-05</Translation>
</Transform>
</Instance>
<Instance name="spring base-2" uid="spring base-2" entityUid="spring base*:*Default">
<Transform>
<Rotation>0 4.7184478546569143e-16 1 1 1.7763568394002505e-15 0 -1.7763568394002505e-15 1 -4.7184478546569133e-16</Rotation>
<Translation>0.012498263518223231 -0.055009848077530177 7.2036914945339259e-05</Translation>
</Transform>
</Instance>
<Instance name="spring holder-1" uid="spring holder-1" entityUid="spring holder*:*Default">
<Transform>
<Rotation>0.76073513419101346 0 -0.64906244353481202 -1.2490009027033011e-15 -1 -1.4988010832439613e-15 -0.64906244353481179 1.8596235662471372e-15 -0.76073513419101357</Rotation>
<Translation>0.023498263518223234 -0.11500984807753012 7.2036914945450281e-05</Translation>
</Transform>
</Instance>
</Instance>
<Instance name="Ball bearing filler small-3" uid="Ball bearing filler small-3" entityUid="Ball bearing filler small*:*Default">
<Transform>
<Rotation>-1 -4.5431358724186285e-15 3.0546853656291584e-15 4.0317632192676421e-15 -0.23368294781905002 0.97231285083485297 -3.7035215109414956e-15 0.97231285083485297 0.23368294781905019</Rotation>
<Translation>-0.071906623963548147 -0.24962784965534973 -0.10769432384604677</Translation>
</Transform>
</Instance>
<Instance name="upper leg casin-4" uid="upper leg casin-4" entityUid="upper leg casin*:*Default">
<Transform>
<Rotation>1 -5.4729526329284878e-15 -3.2245324054795106e-15 -4.4141900003179086e-15 -0.23368294781905047 -0.97231285083485275 4.5679039391563007e-15 0.97231285083485286 -0.23368294781905063</Rotation>
<Translation>-0.071906623963551144 -0.25935097816371222 -0.11003115332423624</Translation>
</Transform>
</Instance>
<Instance name="upper leg cap-9" uid="upper leg cap-9" entityUid="upper leg cap*:*Default">
<Transform>
<Rotation>1 4.7444215891406571e-15 3.0582645401038181e-15 -4.0822803362422063e-15 0.23368294781905002 0.97231285083485297 3.8983978079578261e-15 -0.97231285083485297 0.23368294781905019</Rotation>
<Translation>-0.071906623963549063 -0.24282165969950459 -0.10605854321131342</Translation>
</Transform>
</Instance>
<Instance name="Ball bearing filler-4" uid="Ball bearing filler-4" entityUid="Ball bearing filler*:*Default">
<Transform>
<Rotation>0.99569101803443139 -2.0195654839230465e-15 -0.092732931613088473 0.021670104819247055 -0.97231285083485264 0.23267601221123832 -0.090165421102995968 -0.23368294781905133 -0.96812317229571465</Rotation>
<Translation>-0.071906623963549673 -0.30310505645128333 -0.12054688597609353</Translation>
</Transform>
</Instance>
<Instance name="beam filler-1" uid="beam filler-1" entityUid="beam filler*:*Default">
<Transform>
<Rotation>-0.57815458356155713 -2.2681607530033698e-15 -0.81592725013126144 0.19066828501656682 -0.97231285083485264 -0.13510486738175881 -0.79333655064896857 -0.23368294781905122 0.56214713136597527</Rotation>
<Translation>-0.027030625206330379 -0.28108959598276384 -0.14795973398393644</Translation>
</Transform>
</Instance>
<Instance name="upperleg-1" uid="upperleg-1" entityUid="upperleg*:*Default">
<Transform>
<Rotation>0.57815458356155636 -0.81592725013126211 -2.0930650970485152e-15 -0.19066828501656696 -0.13510486738175895 -0.97231285083485275 0.79333655064896924 0.5621471313659745 -0.23368294781905144</Rotation>
<Translation>0.0096861010495764566 -0.26285596631514896 -0.17033531804766711</Translation>
</Transform>
</Instance>
<Instance name="Lower joint cap-6" uid="Lower joint cap-6" entityUid="Lower joint cap*:*Default">
<Transform>
<Rotation>-0.94963939981473156 -0.3133448744107945 3.6359804056473877e-15 0.073223353936308397 -0.22191453431382041 0.97231285083485264 -0.30466924813284768 0.92334659209896019 0.2336829478190518</Rotation>
<Translation>0.091278826062701907 -0.21580068622317033 -0.21848796948450699</Translation>
</Transform>
</Instance>
<Instance name="Ball bearing filler-5" uid="Ball bearing filler-5" entityUid="Ball bearing filler*:*Default">
<Transform>
<Rotation>-0.20345507852196651 -3.5687313597414757e-15 -0.97908428187956353 0.22879530115291546 -0.97231285083485297 -0.047543982497766167 -0.95197622932191295 -0.23368294781905072 0.19782198741452298</Rotation>
<Translation>0.091278826062703461 -0.27608408297493225 -0.23297631224928791</Translation>
</Transform>
</Instance>
<Instance name="motor axle-3" uid="motor axle-3" entityUid="motor axle*:*Default">
<Transform>
<Rotation>-0.73894957790187088 0.67376073002116021 2.7148115466168838e-15 -0.15744639351605857 -0.17267991565375451 0.97231285083485297 0.65510621618744647 0.71849017071297894 0.23368294781905111</Rotation>
<Translation>0.091278826062702462 -0.30817040705247922 -0.24068784952731884</Translation>
</Transform>
</Instance>
<Instance name="Ball bearing filler-3" uid="Ball bearing filler-3" entityUid="Ball bearing filler*:*Default">
<Transform>
<Rotation>-0.57815458356155758 -3.2157289505597166e-15 -0.81592725013126122 0.19066828501656624 -0.97231285083485286 -0.13510486738175745 -0.79333655064896835 -0.23368294781904997 0.56214713136597594</Rotation>
<Translation>-0.071906623963550492 -0.24282165969952246 -0.10605854321131253</Translation>
</Transform>
</Instance>
<Instance name="upper leg casin-5" uid="upper leg casin-5" entityUid="upper leg casin*:*Default">
<Transform>
<Rotation>-0.57815458356155558 -0.81592725013126255 2.5709882265211565e-15 0.19066828501656735 -0.13510486738175831 0.97231285083485275 -0.79333655064896969 0.56214713136597361 0.23368294781905147</Rotation>
<Translation>0.0912788260627026 -0.26636095446658198 -0.23063948277109864</Translation>
</Transform>
</Instance>
<Instance name="bearing-5" uid="bearing-5" entityUid="bearing*:*Default">
<Transform>
<Rotation>2.0923137469883756e-15 -0.94904323402578206 -0.31514590263857917 0.97231285083485219 0.073644223521681443 -0.22177522053487161 0.23368294781905316 -0.30642041102343925 0.92276693244113606</Rotation>
<Translation>0.091278826062703849 -0.27949223397967787 -0.23379541771798437</Translation>
</Transform>
</Instance>
<Instance name="bearing-6" uid="bearing-6" entityUid="bearing*:*Default">
<Transform>
<Rotation>2.8978516101259618e-15 -0.77825920421991346 0.6279431590892498 0.9723128508348523 -0.14673960847878234 -0.18186590500942157 0.23368294781905305 0.61055720317631224 0.75671142554352711</Rotation>
<Translation>0.091278826062703156 -0.21919872517426769 -0.21930464465054555</Translation>
</Transform>
</Instance>
<Instance name="bearing-4" uid="bearing-4" entityUid="bearing*:*Default">
<Transform>
<Rotation>-3.2413264875059681e-15 -0.41773904656596184 -0.90856705254712022 -0.97231285083485297 -0.21231662713047586 0.097618491820656419 -0.2336829478190505 0.88341142103671033 -0.4061730432715831</Rotation>
<Translation>-0.07190662396354966 -0.24621969865061993 -0.10687521837735053</Translation>
</Transform>
</Instance>
<Instance name="beam filler-2" uid="beam filler-2" entityUid="beam filler*:*Default">
<Transform>
<Rotation>-0.57815458356155647 -3.1960573745494506e-15 -0.81592725013126211 0.19066828501656652 -0.97231285083485297 -0.13510486738175728 -0.79333655064896935 -0.23368294781905025 0.56214713136597461</Rotation>
<Translation>-0.027030625206330663 -0.24705864620354395 -0.13978083081026962</Translation>
</Transform>
</Instance>
<Instance name="Ball bearing filler small-5" uid="Ball bearing filler small-5" entityUid="Ball bearing filler small*:*Default">
<Transform>
<Rotation>-0.57815458356154925 -0.81592725013126732 2.1510571102112408e-15 0.19066828501657065 -0.13510486738175889 0.97231285083485197 -0.79333655064897357 0.56214713136596695 0.23368294781905435</Rotation>
<Translation>0.091278826062701768 -0.22260687617901231 -0.22012375011924115</Translation>
</Transform>
</Instance>
<Instance name="upper leg cap-11" uid="upper leg cap-11" entityUid="upper leg cap*:*Default">
<Transform>
<Rotation>0.57815458356157234 -0.81592725013125078 -3.4086899620150696e-15 -0.19066828501656471 -0.13510486738176131 -0.97231285083485264 0.79333655064895803 0.56214713136599015 -0.23368294781905088</Rotation>
<Translation>0.091278826062708707 -0.2712225187207582 -0.23180789751019501</Translation>
</Transform>
</Instance>
<Instance name="Ball bearing filler small-6" uid="Ball bearing filler small-6" entityUid="Ball bearing filler small*:*Default">
<Transform>
<Rotation>-0.99569101803442972 -0.092732931613105904 -3.6186331708876196e-15 -0.021670104819249348 0.23267601221123563 -0.97231285083485341 0.090165421103013316 -0.96812317229571365 -0.23368294781904889</Rotation>
<Translation>0.09127882606270829 -0.27608408297493248 -0.23297631224928986</Translation>
</Transform>
</Instance>
<Instance name="upper leg cap-12" uid="upper leg cap-12" entityUid="upper leg cap*:*Default">
<Transform>
<Rotation>-0.99569101803443194 0.092732931613081923 1.7277845820728999e-15 -0.02167010481924599 -0.23267601221124037 0.97231285083485219 0.090165421102989488 0.96812317229571476 0.2336829478190533</Rotation>
<Translation>0.091278826062701962 -0.22746844043318892 -0.22129216485833542</Translation>
</Transform>
</Instance>
<Instance name="beam filler-3" uid="beam filler-3" entityUid="beam filler*:*Default">
<Transform>
<Rotation>-0.74618432129275625 -2.5538541261642561e-15 0.66573940746876992 -0.15557194721660905 -0.97231285083485264 -0.17437055181605132 0.6473069811890656 -0.23368294781905169 0.72552460468442903</Rotation>
<Translation>0.054663158651920202 -0.21787806008330468 -0.26119601811597976</Translation>
</Transform>
</Instance>
<Instance name="beam filler-4" uid="beam filler-4" entityUid="beam filler*:*Default">
<Transform>
<Rotation>-0.74618432129275591 -3.4362511653114789e-15 0.66573940746877025 -0.15557194721660811 -0.97231285083485275 -0.17437055181605135 0.64730698118906627 -0.23368294781905108 0.7255246046844287</Rotation>
<Translation>0.054663158651920604 -0.25190900986252507 -0.26937492128964702</Translation>
</Transform>
</Instance>
<Instance name="beam filler hip-1" uid="beam filler hip-1" entityUid="beam filler hip*:*Default">
<Transform>
<Rotation>2.9235754459418775e-15 -1 -3.9238606507976935e-15 0.97231285083485286 3.7595693001841018e-15 -0.23368294781904991 0.23368294781905008 -3.1320304072767177e-15 0.97231285083485286</Rotation>
<Translation>-0.04940662396355025 -0.30499261416115875 0.0049877193162000122</Translation>
</Transform>
</Instance>
<Instance name="beam filler hip-2" uid="beam filler hip-2" entityUid="beam filler hip*:*Default">
<Transform>
<Rotation>3.8923224301770201e-15 -1 -4.5156382538854828e-15 0.97231285083485286 4.8397827769062897e-15 -0.23368294781904986 0.23368294781905002 -3.4810437246283376e-15 0.97231285083485286</Rotation>
<Translation>-0.084406623963550267 -0.30499261416115869 0.0049877193161998457</Translation>
</Transform>
</Instance>
<Instance name="upper leg cap-15" uid="upper leg cap-15" entityUid="upper leg cap*:*Default">
<Transform>
<Rotation>-0.50000000000000533 -0.86602540378443538 -2.9966115006670838e-15 -0.20237536924252911 0.11684147390952911 -0.97231285083485286 0.84204762924904963 -0.48615642541743115 -0.23368294781905075</Rotation>
<Translation>-0.071906623963551033 -0.25448941390953678 -0.10886273858514101</Translation>
</Transform>
</Instance>
<Instance name="upper leg cap-17" uid="upper leg cap-17" entityUid="upper leg cap*:*Default">
<Transform>
<Rotation>-0.41753643447285627 -0.90866018174436047 -3.2474023470285829e-15 -0.21233838983581552 0.097571144829475959 -0.97231285083485286 0.88350197175197498 -0.40597604092972184 -0.23368294781905102</Rotation>
<Translation>0.091278826062708762 -0.26636095446658403 -0.2306394827710998</Translation>
</Transform>
</Instance>
<Instance name="upper leg cap-14" uid="upper leg cap-14" entityUid="upper leg cap*:*Default">
<Transform>
<Rotation>-2.6209960531116552e-16 -4.3676464330072125e-15 0.99999999999999978 0.86602540378443882 -0.49999999999999983 -1.9568382999822613e-15 0.49999999999999989 0.86602540378443882 3.9135425683883166e-15</Rotation>
<Translation>-0.054406623963544468 -0.25394618949232556 0.017256074076698436</Translation>
</Transform>
</Instance>
<Instance name="Lower joint casin-5" uid="Lower joint casin-5" entityUid="Lower joint casin*:*Default">
<Transform>
<Rotation>0.74618432129275647 0.66573940746876947 -3.1672672516856743e-15 0.15557194721660939 -0.17437055181605271 -0.97231285083485242 -0.64730698118906538 0.72552460468442914 -0.23368294781905305</Rotation>
<Translation>0.091278826062702656 -0.22260687617901431 -0.22012375011924046</Translation>
</Transform>
</Instance>
<Instance name="upper leg cap-18" uid="upper leg cap-18" entityUid="upper leg cap*:*Default">
<Transform>
<Rotation>-0.41753643447287447 -0.90866018174435204 -1.9706458687096529e-15 -0.21233838983581602 0.097571144829479969 -0.97231285083485219 0.88350197175196621 -0.4059760409297396 -0.23368294781905316</Rotation>
<Translation>0.091278826062702406 -0.22746844043318887 -0.22129216485833558</Translation>
</Transform>
</Instance>
