%YAML:1.0
---
K: !!opencv-matrix
   rows: 3
   cols: 3
   dt: d
   data: [ 9.3417514932104245e+02, 0., 8.8215001366634544e+02, 0.,
       9.0626492410259311e+02, 3.2181411487410128e+02, 0., 0., 1. ]
D: !!opencv-matrix
   rows: 1
   cols: 5
   dt: d
   data: [ -1.1676233302680841e-01, 1.1153421275877744e+00,
       -5.9157106746794169e-02, 8.5933201269036245e-03,
       -1.2693101854135258e+00 ]
board_width: 7
board_height: 7
square_size: 4.8460001945495605e+00
