%path described seperately for x,y, and z
x =         [0.0525; 0.0525; 0.0525; 0.0525; 0.0525; 0.0525; 0.0525];
y =         [0.4200; 0.4200; 0.4150; 0.4000; 0.4000; 0.4150; 0.4200];
z =         [0.0600; -0.060; -0.060; 0.0000; 0.0300; 0.0600; 0.0600];
time_pos =  [     0;   1.20;   1.25;   1.85;   2.15;   2.45;   2.50];

%velocity described seperately for x,y, and z directions
Vx =        [     0;      0;      0;      0;      0;      0;      0;      0;      0;      0;      0;      0;      0];
Vy =        [     0;      0;   -0.1;   -0.1; -0.025; -0.025;      0;      0;   0.05;   0.05;    0.1;    0.1;      0];
Vz =        [  -0.1;   -0.1;      0;      0;    0.1;    0.1;    0.1;    0.1;    0.1;    0.1;    0.0;    0.0;   -0.1];
time_velo = [     0;   1.19;   1.20;   1.24;   1.25;   1.84;   1.85;   2.14;   2.15;   2.44;   2.45;   2.49;   2.50];

%force described seperately for x,y, and z directions
Fx =            [     0;      0;      0;      0;      0];
Fy =            [  91.5;   91.5;      0;      0;   91.5];
Fz =            [    45;     45;      0;      0;     45];
time_force =    [     0;   1.19;   1.20;   2.49;   2.50];

gaitPeriod = 0.8;