<?xml version="1.0" encoding="UTF-8" standalone="no" ?>
<SimscapeMultibodyImportXML version="2.0" xmlns="urn:mathworks:SimscapeMultibody:import" xmlns:xsi="http://www.w3.org/2001/XMLSchema-instance">
<Created by="" on="11/05/18||10:40:17" using="Simscape Multibody Link Version 5.1" from="SolidWorks 25.4.0"/>
<ModelUnits mass="kilogram" length="millimeter"/>
<DataUnits mass="kilogram" length="meter"/>
<RootAssembly name="robot" uid="robot" version="283">
<AssemblyFile name="robot.SLDASM" type="SolidWorks Assembly"/>
<InstanceTree>
<Instance name="Leg_model_right-2" uid="Leg_model_right-2" entityUid="Leg_model_right">
<Transform>
<Rotation>-0.99999999999999989 9.3154115979253918e-16 8.9361928885151323e-16 -9.8529145614847224e-16 -0.99806587405709957 -0.062165191567612216 8.3398148195025085e-16 -0.062165191567612223 0.99806587405709946</Rotation>
<Translation>-0.44767968654426332 0.10773478845923801 -0.045625831496975598</Translation>
</Transform>
<Instance name="hex bolt gradeb_iso-250" uid="hex bolt gradeb_iso-250" entityUid="hex bolt gradeb_iso*:*ISO 4015 - M3 x 30 x 12-N">
<Transform>
<Rotation>-0.99999999999999989 0 -1.8257511157191756e-15 1.8264512686149935e-15 -0.013721616556579899 -0.99990585418782019 0 -0.99990585418782008 0.013721616556579892</Rotation>
<Translation>-0.21067968654426303 -0.020252673569082474 -0.031694480953057921</Translation>
</Transform>
</Instance>
<Instance name="hex bolt gradeb_iso-245" uid="hex bolt gradeb_iso-245" entityUid="hex bolt gradeb_iso*:*ISO 4015 - M3 x 30 x 12-N">
<Transform>
<Rotation>0.99999999999999989 -4.6225209283354201e-16 -1.0038242284057151e-15 -8.2076638389705046e-16 -0.91889799092797275 -0.39449522464604714 -7.4005582352136011e-16 0.39449522464604714 -0.91889799092797264</Rotation>
<Translation>-0.18967968654426332 0.020937244309823591 -0.052173510840454559</Translation>
</Transform>
</Instance>
<Instance name="hex bolt gradeb_iso-256" uid="hex bolt gradeb_iso-256" entityUid="hex bolt gradeb_iso*:*ISO 4015 - M3 x 30 x 12-N">
<Transform>
<Rotation>2.7844219248176817e-15 -0.99978512359283833 0.020729366667918133 0.99504415254364809 -0.0020612053184013699 -0.099412705029731777 0.099434071065671772 0.020626635088845425 0.99483034103118229</Rotation>
<Translation>-0.18867968654442174 -0.027288309404254696 -0.1878230063898465</Translation>
</Transform>
</Instance>
<Instance name="hex bolt gradeb_iso-265" uid="hex bolt gradeb_iso-265" entityUid="hex bolt gradeb_iso*:*ISO 4015 - M3 x 30 x 12-N">
<Transform>
<Rotation>-2.79782389909866e-15 0.99978512358855331 -0.020729366874586718 -0.99504415254364842 -0.0020612053389567654 -0.09941270502930287 -0.099434071065669052 0.020626635294489239 0.99483034102691881</Rotation>
<Translation>-0.18867968654442446 -0.052145408458752429 -0.15027138023868836</Translation>
</Transform>
</Instance>
<Instance name="hex bolt gradeb_iso-270" uid="hex bolt gradeb_iso-270" entityUid="hex bolt gradeb_iso*:*ISO 4015 - M3 x 30 x 12-N">
<Transform>
<Rotation>2.1069218541680203e-15 -0.99978512359283822 0.020729366667916103 0.99504415254364831 -0.0020612053184018084 -0.099412705029730125 0.099434071065670121 0.020626635088843347 0.99483034103118229</Rotation>
<Translation>-0.33854572103271979 -0.017751525047768266 -0.28325831752051134</Translation>
</Transform>
</Instance>
<Instance name="hex bolt gradeb_iso-248" uid="hex bolt gradeb_iso-248" entityUid="hex bolt gradeb_iso*:*ISO 4015 - M3 x 30 x 12-N">
<Transform>
<Rotation>1 -4.622520928335432e-16 -1.0038242284057147e-15 -8.2076638389705056e-16 -0.91889799092797297 -0.39449522464604664 -7.4005582352136021e-16 0.39449522464604664 -0.91889799092797297</Rotation>
<Translation>-0.18967968654426326 -0.018822874163029912 -0.054649996056370678</Translation>
</Transform>
</Instance>
<Instance name="hex bolt gradeb_iso-259" uid="hex bolt gradeb_iso-259" entityUid="hex bolt gradeb_iso*:*ISO 4015 - M3 x 30 x 12-N">
<Transform>
<Rotation>2.7895025976425503e-15 -0.99978512359283833 0.020729366667918737 0.9950441525436482 -0.0020612053184014163 -0.099412705029731388 0.099434071065671384 0.020626635088846025 0.9948303410311824</Rotation>
<Translation>-0.21167968654441738 -0.031249481255343492 -0.14818326474630961</Translation>
</Transform>
</Instance>
<Instance name="hex bolt gradeb_iso-253" uid="hex bolt gradeb_iso-253" entityUid="hex bolt gradeb_iso*:*ISO 4015 - M3 x 30 x 12-N">
<Transform>
<Rotation>-0.99999999999999989 0 -1.8257511157191756e-15 1.8264512686149935e-15 -0.013721616556579899 -0.99990585418782019 0 -0.99990585418782008 0.013721616556579892</Rotation>
<Translation>-0.21067968654426225 0.020937244309825173 -0.052173510840454976</Translation>
</Transform>
</Instance>
<Instance name="hex bolt gradeb_iso-240" uid="hex bolt gradeb_iso-240" entityUid="hex bolt gradeb_iso*:*ISO 4015 - M3 x 20 x 12-N">
<Transform>
<Rotation>9.6913198154546555e-16 -0.99978512359283789 0.020729366667932615 0.99504415254364809 -0.0020612053184046485 -0.099412705029733317 0.099434071065673368 0.02062663508885965 0.99483034103118173</Rotation>
<Translation>-0.34652686181632281 -0.0045100745139032561 -0.31519734898539387</Translation>
</Transform>
</Instance>
<Instance name="hex bolt gradeb_iso-261" uid="hex bolt gradeb_iso-261" entityUid="hex bolt gradeb_iso*:*ISO 4015 - M3 x 30 x 12-N">
<Transform>
<Rotation>-2.79782389909866e-15 0.99978512358855331 -0.020729366874586718 -0.99504415254364842 -0.0020612053389567654 -0.09941270502930287 -0.099434071065669052 0.020626635294489239 0.99483034102691881</Rotation>
<Translation>-0.18867968654433231 -0.048184236607807712 -0.18991112188222969</Translation>
</Transform>
</Instance>
<Instance name="hex bolt gradeb_iso-241" uid="hex bolt gradeb_iso-241" entityUid="hex bolt gradeb_iso*:*ISO 4015 - M3 x 20 x 12-N">
<Transform>
<Rotation>9.6913198154546555e-16 -0.99978512359283789 0.020729366667932615 0.99504415254364809 -0.0020612053184046485 -0.099412705029733317 0.099434071065673368 0.02062663508885965 0.99483034103118173</Rotation>
<Translation>-0.3804518173599522 -0.00474907835086473 -0.31280561979583366</Translation>
</Transform>
</Instance>
<Instance name="hex bolt gradeb_iso-254" uid="hex bolt gradeb_iso-254" entityUid="hex bolt gradeb_iso*:*ISO 4015 - M3 x 30 x 12-N">
<Transform>
<Rotation>-0.99999999999999989 0 -1.8257511157191756e-15 1.8264512686149935e-15 -0.013721616556579899 -0.99990585418782019 0 -0.99990585418782008 0.013721616556579892</Rotation>
<Translation>-0.21067968654426192 0.019507444903777788 -0.0292179957371414</Translation>
</Transform>
</Instance>
<Instance name="hex bolt gradeb_iso-244" uid="hex bolt gradeb_iso-244" entityUid="hex bolt gradeb_iso*:*ISO 4015 - M3 x 30 x 12-N">
<Transform>
<Rotation>0.99999999999999989 -4.6225209283354201e-16 -1.0038242284057151e-15 -8.2076638389705046e-16 -0.91889799092797275 -0.39449522464604714 -7.4005582352136011e-16 0.39449522464604714 -0.91889799092797264</Rotation>
<Translation>-0.1896796865442632 0.01950744490377028 -0.029217995737141109</Translation>
</Transform>
</Instance>
<Instance name="hex bolt gradeb_iso-243" uid="hex bolt gradeb_iso-243" entityUid="hex bolt gradeb_iso*:*ISO 4015 - M3 x 30 x 12-N">
<Transform>
<Rotation>0.99999999999999989 -4.6225209283354201e-16 -1.0038242284057151e-15 -8.2076638389705046e-16 -0.91889799092797275 -0.39449522464604714 -7.4005582352136011e-16 0.39449522464604714 -0.91889799092797264</Rotation>
<Translation>-0.18967968654426332 -0.0010875140356831764 -0.01897848079344247</Translation>
</Transform>
</Instance>
<Instance name="hex bolt gradeb_iso-247" uid="hex bolt gradeb_iso-247" entityUid="hex bolt gradeb_iso*:*ISO 4015 - M3 x 30 x 12-N">
<Transform>
<Rotation>0.99999999999999989 -4.6225209283354201e-16 -1.0038242284057151e-15 -8.2076638389705046e-16 -0.91889799092797275 -0.39449522464604714 -7.4005582352136011e-16 0.39449522464604714 -0.91889799092797264</Rotation>
<Translation>-0.18967968654426332 -0.020252673569083224 -0.0316944809530572</Translation>
</Transform>
</Instance>
<Instance name="hex bolt gradeb_iso-252" uid="hex bolt gradeb_iso-252" entityUid="hex bolt gradeb_iso*:*ISO 4015 - M3 x 30 x 12-N">
<Transform>
<Rotation>-1 -7.1829122233857447e-16 -6.9258765521281811e-16 7.0237856771439341e-16 -0.013721616556571652 -0.9999058541878203 7.0872017599142034e-16 -0.9999058541878203 0.013721616556571652</Rotation>
<Translation>-0.21067968654426275 0.0017720847764243486 -0.064889511000069885</Translation>
</Transform>
</Instance>
<Instance name="hex bolt gradeb_iso-255" uid="hex bolt gradeb_iso-255" entityUid="hex bolt gradeb_iso*:*ISO 4015 - M3 x 30 x 12-N">
<Transform>
<Rotation>2.7895025976425507e-15 -0.99978512359283822 0.020729366667918667 0.99504415254364831 -0.0020612053184014103 -0.09941270502973143 0.099434071065671398 0.020626635088845959 0.99483034103118229</Rotation>
<Translation>-0.17717968654492156 -0.029268895329598754 -0.16800313556807178</Translation>
</Transform>
</Instance>
<Instance name="hex bolt gradeb_iso-257" uid="hex bolt gradeb_iso-257" entityUid="hex bolt gradeb_iso*:*ISO 4015 - M3 x 30 x 12-N">
<Transform>
<Rotation>2.7895025976425503e-15 -0.99978512359283833 0.02072936666791874 0.9950441525436482 -0.0020612053184014168 -0.099412705029731388 0.099434071065671384 0.020626635088846029 0.9948303410311824</Rotation>
<Translation>-0.21167968654440134 -0.027288309404383371 -0.18782300638985039</Translation>
</Transform>
</Instance>
<Instance name="hex bolt gradeb_iso-258" uid="hex bolt gradeb_iso-258" entityUid="hex bolt gradeb_iso*:*ISO 4015 - M3 x 30 x 12-N">
<Transform>
<Rotation>2.7895025976425503e-15 -0.99978512359283833 0.020729366667918737 0.9950441525436482 -0.0020612053184014163 -0.099412705029731388 0.099434071065671384 0.020626635088846025 0.9948303410311824</Rotation>
<Translation>-0.22317968654446951 -0.02926889532992405 -0.16800313556808172</Translation>
</Transform>
</Instance>
<Instance name="hex bolt gradeb_iso-260" uid="hex bolt gradeb_iso-260" entityUid="hex bolt gradeb_iso*:*ISO 4015 - M3 x 30 x 12-N">
<Transform>
<Rotation>2.7895025976425499e-15 -0.99978512359283833 0.020729366667918445 0.99504415254364831 -0.0020612053184013899 -0.099412705029731485 0.099434071065671467 0.020626635088845737 0.9948303410311824</Rotation>
<Translation>-0.18867968654449485 -0.031249481255240963 -0.14818326474630633</Translation>
</Transform>
</Instance>
<Instance name="hex bolt gradeb_iso-264" uid="hex bolt gradeb_iso-264" entityUid="hex bolt gradeb_iso*:*ISO 4015 - M3 x 30 x 12-N">
<Transform>
<Rotation>-2.7978238990986612e-15 0.99978512358855309 -0.020729366874586978 -0.99504415254364853 -0.0020612053389567966 -0.099412705029303106 -0.099434071065669261 0.020626635294489507 0.9948303410269187</Rotation>
<Translation>-0.2116796865443677 -0.052145408458958459 -0.15027138023869485</Translation>
</Transform>
</Instance>
<Instance name="hex bolt gradeb_iso-262" uid="hex bolt gradeb_iso-262" entityUid="hex bolt gradeb_iso*:*ISO 4015 - M3 x 30 x 12-N">
<Transform>
<Rotation>-2.7978238990986612e-15 0.99978512358855331 -0.020729366874585837 -0.99504415254364853 -0.0020612053389566808 -0.09941270502930305 -0.099434071065669205 0.020626635294488362 0.99483034102691892</Rotation>
<Translation>-0.21167968654431507 -0.048184236607790698 -0.18991112188222919</Translation>
</Transform>
</Instance>
<Instance name="hex bolt gradeb_iso-263" uid="hex bolt gradeb_iso-263" entityUid="hex bolt gradeb_iso*:*ISO 4015 - M3 x 30 x 12-N">
<Transform>
<Rotation>-2.7978238990986612e-15 0.99978512358855331 -0.020729366874585837 -0.99504415254364853 -0.0020612053389566808 -0.09941270502930305 -0.099434071065669205 0.020626635294488362 0.99483034102691892</Rotation>
<Translation>-0.22317968654428291 -0.050164822533354303 -0.17009125106046136</Translation>
</Transform>
</Instance>
<Instance name="hex bolt gradeb_iso-249" uid="hex bolt gradeb_iso-249" entityUid="hex bolt gradeb_iso*:*ISO 4015 - M3 x 30 x 12-N">
<Transform>
<Rotation>-0.99999999999999989 0 -1.8257511157191756e-15 1.8264512686149935e-15 -0.013721616556579899 -0.99990585418782019 0 -0.99990585418782008 0.013721616556579892</Rotation>
<Translation>-0.21067968654426161 -0.0010875140356728236 -0.018978480793444441</Translation>
</Transform>
</Instance>
<Instance name="hex bolt gradeb_iso-246" uid="hex bolt gradeb_iso-246" entityUid="hex bolt gradeb_iso*:*ISO 4015 - M3 x 30 x 12-N">
<Transform>
<Rotation>0.99999999999999989 -4.6225209283354201e-16 -1.0038242284057151e-15 -8.2076638389705046e-16 -0.91889799092797275 -0.39449522464604714 -7.4005582352136011e-16 0.39449522464604714 -0.91889799092797264</Rotation>
<Translation>-0.18967968654426326 0.0017720847764235992 -0.064889511000069289</Translation>
</Transform>
</Instance>
<Instance name="hex bolt gradeb_iso-251" uid="hex bolt gradeb_iso-251" entityUid="hex bolt gradeb_iso*:*ISO 4015 - M3 x 30 x 12-N">
<Transform>
<Rotation>-0.99999999999999989 0 -1.8257511157191756e-15 1.8264512686149935e-15 -0.013721616556579899 -0.99990585418782019 0 -0.99990585418782008 0.013721616556579892</Rotation>
<Translation>-0.2106796865442617 -0.018822874163028414 -0.054649996056374495</Translation>
</Transform>
</Instance>
<Instance name="hex bolt gradeb_iso-266" uid="hex bolt gradeb_iso-266" entityUid="hex bolt gradeb_iso*:*ISO 4015 - M3 x 30 x 12-N">
<Transform>
<Rotation>-2.7978238990986612e-15 0.99978512358855309 -0.020729366874586978 -0.99504415254364853 -0.0020612053389567966 -0.099412705029303106 -0.099434071065669261 0.020626635294489507 0.9948303410269187</Rotation>
<Translation>-0.17717968654455218 -0.050164822533260489 -0.17009125106045847</Translation>
</Transform>
</Instance>
<Instance name="hex bolt gradeb_iso-267" uid="hex bolt gradeb_iso-267" entityUid="hex bolt gradeb_iso*:*ISO 4015 - M3 x 30 x 12-N">
<Transform>
<Rotation>2.1069218541680199e-15 -0.99978512359283822 0.020729366667916107 0.99504415254364842 -0.0020612053184018084 -0.099412705029730139 0.099434071065670107 0.02062663508884335 0.9948303410311824</Rotation>
<Translation>-0.38426972934419135 -0.017251231693007019 -0.28826479037662051</Translation>
</Transform>
</Instance>
<Instance name="hex bolt gradeb_iso-268" uid="hex bolt gradeb_iso-268" entityUid="hex bolt gradeb_iso*:*ISO 4015 - M3 x 30 x 12-N">
<Transform>
<Rotation>2.1069218541680199e-15 -0.99978512359283822 0.020729366667916634 0.99504415254364842 -0.0020612053184018613 -0.099412705029730139 0.099434071065670107 0.020626635088843874 0.9948303410311824</Rotation>
<Translation>-0.37066006380449673 -0.015407602264020492 -0.30671412734072612</Translation>
</Transform>
</Instance>
<Instance name="hex bolt gradeb_iso-269" uid="hex bolt gradeb_iso-269" entityUid="hex bolt gradeb_iso*:*ISO 4015 - M3 x 30 x 12-N">
<Transform>
<Rotation>2.1069218541680203e-15 -0.99978512359283822 0.020729366667917106 0.99504415254364831 -0.0020612053184019081 -0.099412705029730125 0.099434071065670121 0.020626635088844342 0.99483034103118229</Rotation>
<Translation>-0.347798059648467 -0.015657748941171973 -0.30421089091266434</Translation>
</Transform>
</Instance>
<Instance name="hex nut style 1 gradeab_iso-164" uid="hex nut style 1 gradeab_iso-164" entityUid="hex nut style 1 gradeab_iso*:*ISO - 4032 - M3 - W - N">
<Transform>
<Rotation>1.7576674344343434e-15 -1.6534719990275576e-16 -0.99999999999999989 0.9999058541878203 -0.01372161655657958 1.759770788281957e-15 -0.01372161655657958 -0.99990585418782008 1.4121359458703321e-16</Rotation>
<Translation>-0.24207968654426079 -0.0010875140356729207 -0.018978480793444427</Translation>
</Transform>
</Instance>
<Instance name="hex nut style 1 gradeab_iso-166" uid="hex nut style 1 gradeab_iso-166" entityUid="hex nut style 1 gradeab_iso*:*ISO - 4032 - M3 - W - N">
<Transform>
<Rotation>1.7576674344343434e-15 -1.6534719990275576e-16 -0.99999999999999989 0.9999058541878203 -0.01372161655657958 1.759770788281957e-15 -0.01372161655657958 -0.99990585418782008 1.4121359458703321e-16</Rotation>
<Translation>-0.24207968654426129 0.02093724430982509 -0.052173510840454948</Translation>
</Transform>
</Instance>
<Instance name="hex bolt gradeb_iso-273" uid="hex bolt gradeb_iso-273" entityUid="hex bolt gradeb_iso*:*ISO 4015 - M3 x 30 x 12-N">
<Transform>
<Rotation>-2.5956801935244842e-15 0.9997851235885532 -0.020729366874587263 -0.99504415254364842 -0.0020612053389566375 -0.099412705029303786 -0.099434071065669954 0.020626635294489798 0.9948303410269187</Rotation>
<Translation>-0.35215538657282752 -0.040491081680144148 -0.26689709604878442</Translation>
</Transform>
</Instance>
<Instance name="hex bolt gradeb_iso-275" uid="hex bolt gradeb_iso-275" entityUid="hex bolt gradeb_iso*:*ISO 4015 - M3 x 30 x 12-N">
<Transform>
<Rotation>-2.5956801935244842e-15 0.9997851235885532 -0.020729366874587263 -0.99504415254364842 -0.0020612053389566375 -0.099412705029303786 -0.099434071065669954 0.020626635294489798 0.9948303410269187</Rotation>
<Translation>-0.37501739072865958 -0.040240935002568867 -0.26940033247683293</Translation>
</Transform>
</Instance>
<Instance name="hex nut style 1 gradeab_iso-147" uid="hex nut style 1 gradeab_iso-147" entityUid="hex nut style 1 gradeab_iso*:*ISO - 4032 - M3 - W - N">
<Transform>
<Rotation>-1.136812029735172e-15 4.83054369969777e-16 0.99999999999999978 -0.99990585418782019 -0.013721616556577616 -1.130076716802633e-15 0.013721616556577616 -0.99990585418781996 4.9860779119272124e-16</Rotation>
<Translation>-0.15827968654472191 -0.027274395059474044 -0.061783405507515363</Translation>
</Transform>
</Instance>
<Instance name="hex nut style 1 gradeab_iso-152" uid="hex nut style 1 gradeab_iso-152" entityUid="hex nut style 1 gradeab_iso*:*ISO - 4032 - M3 - W - N">
<Transform>
<Rotation>-6.925876552128123e-16 -7.1829122233858571e-16 0.99999999999999989 -0.9999058541878203 -0.013721616556577866 -7.0237856771439292e-16 0.01372161655657788 -0.99990585418782008 -7.0872017599142636e-16</Rotation>
<Translation>-0.15827968654426311 0.020937244309823577 -0.052173510840454559</Translation>
</Transform>
</Instance>
<Instance name="hex bolt gradeb_iso-278" uid="hex bolt gradeb_iso-278" entityUid="hex bolt gradeb_iso*:*ISO 4015 - M3 x 30 x 12-N">
<Transform>
<Rotation>-2.5956801935244842e-15 0.9997851235885532 -0.020729366874587263 -0.99504415254364842 -0.0020612053389566375 -0.099412705029303786 -0.099434071065669954 0.020626635294489798 0.9948303410269187</Rotation>
<Translation>-0.37066006380435679 -0.036303529466925055 -0.30880224283308944</Translation>
</Transform>
</Instance>
<Instance name="hex nut style 1 gradeab_iso-151" uid="hex nut style 1 gradeab_iso-151" entityUid="hex nut style 1 gradeab_iso*:*ISO - 4032 - M3 - W - N">
<Transform>
<Rotation>-6.925876552128123e-16 -7.1829122233858571e-16 0.99999999999999989 -0.9999058541878203 -0.013721616556577866 -7.0237856771439292e-16 0.01372161655657788 -0.99990585418782008 -7.0872017599142636e-16</Rotation>
<Translation>-0.15827968654426305 0.019507444903770238 -0.029217995737141123</Translation>
</Transform>
</Instance>
<Instance name="hex nut style 1 gradeab_iso-153" uid="hex nut style 1 gradeab_iso-153" entityUid="hex nut style 1 gradeab_iso*:*ISO - 4032 - M3 - W - N">
<Transform>
<Rotation>-6.925876552128123e-16 -7.1829122233858571e-16 0.99999999999999989 -0.9999058541878203 -0.013721616556577866 -7.0237856771439292e-16 0.01372161655657788 -0.99990585418782008 -7.0872017599142636e-16</Rotation>
<Translation>-0.15827968654426305 0.0017720847764235576 -0.064889511000069289</Translation>
</Transform>
</Instance>
<Instance name="hex bolt gradeb_iso-271" uid="hex bolt gradeb_iso-271" entityUid="hex bolt gradeb_iso*:*ISO 4015 - M3 x 30 x 12-N">
<Transform>
<Rotation>2.1069218541680203e-15 -0.99978512359283822 0.020729366667915843 0.99504415254364831 -0.0020612053184017824 -0.099412705029730125 0.099434071065670121 0.020626635088843086 0.99483034103118229</Rotation>
<Translation>-0.37501739072855733 -0.01934500779942995 -0.26731221698446206</Translation>
</Transform>
</Instance>
<Instance name="hex bolt gradeb_iso-274" uid="hex bolt gradeb_iso-274" entityUid="hex bolt gradeb_iso*:*ISO 4015 - M3 x 30 x 12-N">
<Transform>
<Rotation>-2.5956801935244842e-15 0.9997851235885532 -0.020729366874587263 -0.99504415254364842 -0.0020612053389566375 -0.099412705029303786 -0.099434071065669954 0.020626635294489798 0.9948303410269187</Rotation>
<Translation>-0.33854572103272679 -0.038647452251087205 -0.28534643301288781</Translation>
</Transform>
</Instance>
<Instance name="hex bolt gradeb_iso-276" uid="hex bolt gradeb_iso-276" entityUid="hex bolt gradeb_iso*:*ISO 4015 - M3 x 30 x 12-N">
<Transform>
<Rotation>-2.5956801935244842e-15 0.9997851235885532 -0.020729366874587263 -0.99504415254364842 -0.0020612053389566375 -0.099412705029303786 -0.099434071065669954 0.020626635294489798 0.9948303410269187</Rotation>
<Translation>-0.38426972934448023 -0.038147158896099292 -0.29035290586898971</Translation>
</Transform>
</Instance>
<Instance name="hex nut style 1 gradeab_iso-150" uid="hex nut style 1 gradeab_iso-150" entityUid="hex nut style 1 gradeab_iso*:*ISO - 4032 - M3 - W - N">
<Transform>
<Rotation>-1.0006446671655117e-15 2.7946448643600176e-16 0.99999999999999978 -0.99990585418782019 -0.013721616556577006 -9.9671575613656311e-16 0.013721616556577006 -0.99990585418781996 2.9316863845718059e-16</Rotation>
<Translation>-0.15827968654479591 0.027958965803663527 -0.022084586285890578</Translation>
</Transform>
</Instance>
<Instance name="hex bolt gradeb_iso-277" uid="hex bolt gradeb_iso-277" entityUid="hex bolt gradeb_iso*:*ISO 4015 - M3 x 30 x 12-N">
<Transform>
<Rotation>-2.5956801935244842e-15 0.9997851235885532 -0.020729366874587263 -0.99504415254364842 -0.0020612053389566375 -0.099412705029303786 -0.099434071065669954 0.020626635294489798 0.9948303410269187</Rotation>
<Translation>-0.34779805964866273 -0.036553676144418484 -0.30629900640503849</Translation>
</Transform>
</Instance>
<Instance name="hex nut style 1 gradeab_iso-154" uid="hex nut style 1 gradeab_iso-154" entityUid="hex nut style 1 gradeab_iso*:*ISO - 4032 - M3 - W - N">
<Transform>
<Rotation>-6.9258765521281279e-16 -7.1829122233858571e-16 0.99999999999999978 -0.99990585418782019 -0.013721616556577478 -7.0237856771439311e-16 0.013721616556577491 -0.99990585418781996 -7.0872017599142685e-16</Rotation>
<Translation>-0.15827968654426311 -0.01882287416302994 -0.054649996056370678</Translation>
</Transform>
</Instance>
<Instance name="hex nut style 1 gradeab_iso-146" uid="hex nut style 1 gradeab_iso-146" entityUid="hex nut style 1 gradeab_iso*:*ISO - 4032 - M3 - W - N">
<Transform>
<Rotation>-1.0006446671655117e-15 2.7946448643600097e-16 0.99999999999999978 -0.99990585418782019 -0.013721616556577006 -9.9671575613656311e-16 0.013721616556577006 -0.99990585418781996 2.931686384571798e-16</Rotation>
<Translation>-0.15827968654471625 -0.030656147817902907 -0.027941953879552173</Translation>
</Transform>
</Instance>
<Instance name="hex nut style 1 gradeab_iso-156" uid="hex nut style 1 gradeab_iso-156" entityUid="hex nut style 1 gradeab_iso*:*ISO - 4032 - M3 - W - N">
<Transform>
<Rotation>-6.925876552128123e-16 -7.1829122233858571e-16 0.99999999999999989 -0.9999058541878203 -0.013721616556577866 -7.0237856771439292e-16 0.01372161655657788 -0.99990585418782008 -7.0872017599142636e-16</Rotation>
<Translation>-0.15827968654426311 -0.001087514035683218 -0.018978480793442498</Translation>
</Transform>
</Instance>
<Instance name="hex nut style 1 gradeab_iso-158" uid="hex nut style 1 gradeab_iso-158" entityUid="hex nut style 1 gradeab_iso*:*ISO - 4032 - M3 - W - N">
<Transform>
<Rotation>-6.925876552128123e-16 -7.1829122233858571e-16 0.99999999999999989 -0.9999058541878203 -0.013721616556577866 -7.0237856771439292e-16 0.01372161655657788 -0.99990585418782008 -7.0872017599142636e-16</Rotation>
<Translation>-0.15827968654426311 -0.020252673569083252 -0.031694480953057214</Translation>
</Transform>
</Instance>
<Instance name="hex nut style 1 gradeab_iso-160" uid="hex nut style 1 gradeab_iso-160" entityUid="hex nut style 1 gradeab_iso*:*ISO - 4032 - M3 - W - N">
<Transform>
<Rotation>-1.136812029735172e-15 4.83054369969777e-16 0.99999999999999978 -0.99990585418782019 -0.013721616556577616 -1.130076716802633e-15 0.013721616556577616 -0.99990585418781996 4.9860779119272124e-16</Rotation>
<Translation>-0.15827968654478475 0.0037240381305456705 -0.075775447524665515</Translation>
</Transform>
</Instance>
<Instance name="hex nut style 1 gradeab_iso-161" uid="hex nut style 1 gradeab_iso-161" entityUid="hex nut style 1 gradeab_iso*:*ISO - 4032 - M3 - W - N">
<Transform>
<Rotation>2.3298052379799208e-15 -9.4890734811160776e-16 -0.99999999999999978 0.99990585418782008 -0.013721616556578761 2.3426064393520796e-15 -0.013721616556578768 -0.99990585418781996 9.1684931833156631e-16</Rotation>
<Translation>-0.2420796865448733 0.027958965803529037 -0.022084586285895727</Translation>
</Transform>
</Instance>
<Instance name="hex nut style 1 gradeab_iso-162" uid="hex nut style 1 gradeab_iso-162" entityUid="hex nut style 1 gradeab_iso*:*ISO - 4032 - M3 - W - N">
<Transform>
<Rotation>2.3978889192647511e-15 -8.4711240634471994e-16 -0.99999999999999978 0.99990585418782008 -0.013721616556579039 2.4092869196851142e-15 -0.013721616556579046 -0.99990585418781996 8.1412974196379539e-16</Rotation>
<Translation>-0.24207968654481571 0.03134071856066542 -0.055926037913899482</Translation>
</Transform>
</Instance>
<Instance name="hex nut style 1 gradeab_iso-163" uid="hex nut style 1 gradeab_iso-163" entityUid="hex nut style 1 gradeab_iso*:*ISO - 4032 - M3 - W - N">
<Transform>
<Rotation>2.3298052379799208e-15 -9.4890734811160776e-16 -0.99999999999999978 0.99990585418782008 -0.013721616556578761 2.3426064393520796e-15 -0.013721616556578768 -0.99990585418781996 9.1684931833156631e-16</Rotation>
<Translation>-0.24207968654476728 -0.0030394673858037263 -0.0080925442687242721</Translation>
</Transform>
</Instance>
<Instance name="hex nut style 1 gradeab_iso-168" uid="hex nut style 1 gradeab_iso-168" entityUid="hex nut style 1 gradeab_iso*:*ISO - 4032 - M3 - W - N">
<Transform>
<Rotation>5.7464096048722399e-16 -6.8533405270999714e-16 -0.99999999999999978 0.99990585418782019 -0.013721616556571649 5.8399075153173557e-16 -0.013721616556571656 -0.99990585418782008 6.7738452846148364e-16</Rotation>
<Translation>-0.2420796865442631 0.0017720847764243902 -0.064889511000069858</Translation>
</Transform>
</Instance>
<Instance name="hex nut style 1 gradeab_iso-145" uid="hex nut style 1 gradeab_iso-145" entityUid="hex nut style 1 gradeab_iso*:*ISO - 4032 - M3 - W - N">
<Transform>
<Rotation>-1.136812029735172e-15 4.83054369969777e-16 0.99999999999999978 -0.99990585418782019 -0.013721616556577616 -1.130076716802633e-15 0.013721616556577616 -0.99990585418781996 4.9860779119272124e-16</Rotation>
<Translation>-0.15827968654472951 -0.003039467386360864 -0.0080925442687405993</Translation>
</Transform>
</Instance>
<Instance name="hex nut style 1 gradeab_iso-159" uid="hex nut style 1 gradeab_iso-159" entityUid="hex nut style 1 gradeab_iso*:*ISO - 4032 - M3 - W - N">
<Transform>
<Rotation>-1.136812029735172e-15 4.83054369969777e-16 0.99999999999999978 -0.99990585418782019 -0.013721616556577616 -1.130076716802633e-15 0.013721616556577616 -0.99990585418781996 4.9860779119272124e-16</Rotation>
<Translation>-0.15827968654481123 0.031340718562110445 -0.055926037913853144</Translation>
</Transform>
</Instance>
<Instance name="hex bolt gradeb_iso-272" uid="hex bolt gradeb_iso-272" entityUid="hex bolt gradeb_iso*:*ISO 4015 - M3 x 30 x 12-N">
<Transform>
<Rotation>2.1069218541680199e-15 -0.99978512359283833 0.02072936666791687 0.99504415254364831 -0.0020612053184018838 -0.099412705029730111 0.099434071065670121 0.020626635088844103 0.99483034103118251</Rotation>
<Translation>-0.35215538657281709 -0.019595154476728729 -0.26480898055640506</Translation>
</Transform>
</Instance>
<Instance name="hex nut style 1 gradeab_iso-165" uid="hex nut style 1 gradeab_iso-165" entityUid="hex nut style 1 gradeab_iso*:*ISO - 4032 - M3 - W - N">
<Transform>
<Rotation>1.7576674344343434e-15 -1.6534719990275576e-16 -0.99999999999999989 0.9999058541878203 -0.01372161655657958 1.759770788281957e-15 -0.01372161655657958 -0.99990585418782008 1.4121359458703321e-16</Rotation>
<Translation>-0.24207968654426079 0.019507444903777565 -0.029217995737141386</Translation>
</Transform>
</Instance>
<Instance name="hex nut style 1 gradeab_iso-167" uid="hex nut style 1 gradeab_iso-167" entityUid="hex nut style 1 gradeab_iso*:*ISO - 4032 - M3 - W - N">
<Transform>
<Rotation>2.3298052379799208e-15 -9.4890734811160776e-16 -0.99999999999999978 0.99990585418782008 -0.013721616556578761 2.3426064393520796e-15 -0.013721616556578768 -0.99990585418781996 9.1684931833156631e-16</Rotation>
<Translation>-0.24207968654474921 0.0037240381284213975 -0.075775447524732656</Translation>
</Transform>
</Instance>
<Instance name="hex nut style 1 gradeab_iso-169" uid="hex nut style 1 gradeab_iso-169" entityUid="hex nut style 1 gradeab_iso*:*ISO - 4032 - M3 - W - N">
<Transform>
<Rotation>1.7576674344343434e-15 -1.6534719990275576e-16 -0.99999999999999989 0.9999058541878203 -0.01372161655657958 1.759770788281957e-15 -0.01372161655657958 -0.99990585418782008 1.4121359458703321e-16</Rotation>
<Translation>-0.24207968654426062 -0.018822874163028469 -0.054649996056374467</Translation>
</Transform>
</Instance>
<Instance name="hex nut style 1 gradeab_iso-170" uid="hex nut style 1 gradeab_iso-170" entityUid="hex nut style 1 gradeab_iso*:*ISO - 4032 - M3 - W - N">
<Transform>
<Rotation>1.7576674344343434e-15 -1.6534719990275576e-16 -0.99999999999999989 0.9999058541878203 -0.01372161655657958 1.759770788281957e-15 -0.01372161655657958 -0.99990585418782008 1.4121359458703321e-16</Rotation>
<Translation>-0.24207968654426279 -0.020252673569082419 -0.031694480953057921</Translation>
</Transform>
</Instance>
<Instance name="hex nut style 1 gradeab_iso-171" uid="hex nut style 1 gradeab_iso-171" entityUid="hex nut style 1 gradeab_iso*:*ISO - 4032 - M3 - W - N">
<Transform>
<Rotation>2.3298052379799208e-15 -9.4890734811160776e-16 -0.99999999999999978 0.99990585418782008 -0.013721616556578761 2.3426064393520796e-15 -0.013721616556578768 -0.99990585418781996 9.1684931833156631e-16</Rotation>
<Translation>-0.24207968654474651 -0.030656147818049123 -0.027941953879557474</Translation>
</Transform>
</Instance>
<Instance name="hex nut style 1 gradeab_iso-172" uid="hex nut style 1 gradeab_iso-172" entityUid="hex nut style 1 gradeab_iso*:*ISO - 4032 - M3 - W - N">
<Transform>
<Rotation>2.3978889192647511e-15 -8.4711240634471994e-16 -0.99999999999999978 0.99990585418782008 -0.013721616556579039 2.4092869196851142e-15 -0.013721616556579046 -0.99990585418781996 8.1412974196379539e-16</Rotation>
<Translation>-0.24207968654471296 -0.027274395060910062 -0.061783405507561159</Translation>
</Transform>
</Instance>
<Instance name="hex nut style 1 gradeab_iso-173" uid="hex nut style 1 gradeab_iso-173" entityUid="hex nut style 1 gradeab_iso*:*ISO - 4032 - M3 - W - N">
<Transform>
<Rotation>-0.99999999999999978 1.0334830336764648e-10 -2.2795268400261081e-15 1.0278610771427881e-11 0.099434071065671578 -0.99504415254364831 -1.0283589827864984e-10 -0.99504415254364809 -0.09943407106567155</Rotation>
<Translation>-0.18649829366035703 -0.08450526654853438 -0.14223100171508796</Translation>
</Transform>
</Instance>
<Instance name="hex nut style 1 gradeab_iso-174" uid="hex nut style 1 gradeab_iso-174" entityUid="hex nut style 1 gradeab_iso*:*ISO - 4032 - M3 - W - N">
<Transform>
<Rotation>-0.99999999999999978 1.0334830336764648e-10 -2.2795268400261081e-15 1.0278610771427881e-11 0.099434071065671578 -0.99504415254364831 -1.0283589827864984e-10 -0.99504415254364809 -0.09943407106567155</Rotation>
<Translation>-0.2203042398054175 -0.08413537574418678 -0.14593252653761263</Translation>
</Transform>
</Instance>
<Instance name="hex bolt gradeb_iso-218" uid="hex bolt gradeb_iso-218" entityUid="hex bolt gradeb_iso*:*ISO 4015 - M3 x 20 x 12-N">
<Transform>
<Rotation>2.8784401201087045e-15 -0.99978512359283822 0.020729366667917984 0.99504415254364831 -0.0020612053184012459 -0.099412705029731041 0.099434071065671009 0.020626635088845286 0.99483034103118229</Rotation>
<Translation>-0.2138610794286698 -0.016222396178542334 -0.19799127403424122</Translation>
</Transform>
</Instance>
<Instance name="hex bolt gradeb_iso-222" uid="hex bolt gradeb_iso-222" entityUid="hex bolt gradeb_iso*:*ISO 4015 - M3 x 20 x 12-N">
<Transform>
<Rotation>2.3328695869139995e-15 -0.99978512359283844 0.020729366667916631 0.9950441525436482 -0.0020612053184016457 -0.099412705029730639 0.099434071065670634 0.020626635088843884 0.99483034103118251</Rotation>
<Translation>-0.16637374039989633 -0.019688344608069397 -0.16330727003487699</Translation>
</Transform>
</Instance>
<Instance name="hex bolt gradeb_iso-224" uid="hex bolt gradeb_iso-224" entityUid="hex bolt gradeb_iso*:*ISO 4015 - M3 x 20 x 12-N">
<Transform>
<Rotation>-2.5384343188172653e-15 0.99978512358855331 -0.020729366874582617 -0.99504415254364831 -0.00206120533895614 -0.09941270502930484 -0.099434071065671009 0.02062663529448518 0.9948303410269187</Rotation>
<Translation>-0.23398563268936637 -0.059745373254310896 -0.17478711659363838</Translation>
</Transform>
</Instance>
<Instance name="hex bolt gradeb_iso-226" uid="hex bolt gradeb_iso-226" entityUid="hex bolt gradeb_iso*:*ISO 4015 - M3 x 20 x 12-N">
<Transform>
<Rotation>-2.5384343188172653e-15 0.99978512358855331 -0.020729366874582295 -0.99504415254364831 -0.0020612053389561084 -0.09941270502930484 -0.099434071065671009 0.020626635294484861 0.9948303410269187</Rotation>
<Translation>-0.18005513328251627 -0.057389097237609238 -0.19836654612542254</Translation>
</Transform>
</Instance>
<Instance name="hex bolt gradeb_iso-215" uid="hex bolt gradeb_iso-215" entityUid="hex bolt gradeb_iso*:*ISO 4015 - M3 x 20 x 12-N">
<Transform>
<Rotation>1 -9.2973879196060119e-16 -1.9189121452877801e-16 -9.3003527580353203e-16 -0.91889799092797675 -0.39449522464603781 1.9044906208940972e-16 0.39449522464603781 -0.91889799092797675</Rotation>
<Translation>-0.17967968654483352 0.027958965803521918 -0.022084586285896032</Translation>
</Transform>
</Instance>
<Instance name="hex bolt gradeb_iso-206" uid="hex bolt gradeb_iso-206" entityUid="hex bolt gradeb_iso*:*ISO 4015 - M3 x 20 x 12-N">
<Transform>
<Rotation>-1 -1.0507022898784989e-15 -2.2617215566950981e-15 2.2759259590190497e-15 -0.013721616556578171 -0.99990585418782008 1.019568894699342e-15 -0.99990585418782008 0.013721616556578171</Rotation>
<Translation>-0.22067968654476744 -0.030656147818034885 -0.027941953879557044</Translation>
</Transform>
</Instance>
<Instance name="hex bolt gradeb_iso-208" uid="hex bolt gradeb_iso-208" entityUid="hex bolt gradeb_iso*:*ISO 4015 - M3 x 20 x 12-N">
<Transform>
<Rotation>-1 -1.0507022898784989e-15 -2.2617215566950981e-15 2.2759259590190497e-15 -0.013721616556578171 -0.99990585418782008 1.019568894699342e-15 -0.99990585418782008 0.013721616556578171</Rotation>
<Translation>-0.2206796865447552 -0.0030394673857982168 -0.0080925442687241125</Translation>
</Transform>
</Instance>
<Instance name="hex bolt gradeb_iso-201" uid="hex bolt gradeb_iso-201" entityUid="hex bolt gradeb_iso*:*ISO 4015 - M4 x 20 x 14-N">
<Transform>
<Rotation>8.5462866042678695e-16 -0.999785123592838 0.020729366667928604 0.9950441525436482 -0.0020612053184043575 -0.099412705029733039 0.099434071065673063 0.020626635088855653 0.99483034103118195</Rotation>
<Translation>-0.31992454193923381 -0.017404792923216492 -0.30483053868333077</Translation>
</Transform>
</Instance>
<Instance name="hex bolt gradeb_iso-209" uid="hex bolt gradeb_iso-209" entityUid="hex bolt gradeb_iso*:*ISO 4015 - M3 x 20 x 12-N">
<Transform>
<Rotation>-1 -1.0507022898784989e-15 -2.2617215566950981e-15 2.2759259590190497e-15 -0.013721616556578171 -0.99990585418782008 1.019568894699342e-15 -0.99990585418782008 0.013721616556578171</Rotation>
<Translation>-0.22067968654482273 0.027958965803522001 -0.022084586285895977</Translation>
</Transform>
</Instance>
<Instance name="hex bolt gradeb_iso-214" uid="hex bolt gradeb_iso-214" entityUid="hex bolt gradeb_iso*:*ISO 4015 - M3 x 20 x 12-N">
<Transform>
<Rotation>1 -1.0315337337274896e-15 -1.2380753324394695e-16 -9.9671575613656745e-16 -0.91889799092797664 -0.39449522464603815 2.9316863845718103e-16 0.39449522464603815 -0.91889799092797664</Rotation>
<Translation>-0.17967968654486721 0.031340718560687611 -0.055926037913898885</Translation>
</Transform>
</Instance>
<Instance name="hex bolt gradeb_iso-210" uid="hex bolt gradeb_iso-210" entityUid="hex bolt gradeb_iso*:*ISO 4015 - M3 x 20 x 12-N">
<Transform>
<Rotation>-1 -1.0507022898784989e-15 -2.2617215566950981e-15 2.2759259590190497e-15 -0.013721616556578171 -0.99990585418782008 1.019568894699342e-15 -0.99990585418782008 0.013721616556578171</Rotation>
<Translation>-0.22067968654476366 0.0037240381284220081 -0.075775447524732656</Translation>
</Transform>
</Instance>
<Instance name="hex bolt gradeb_iso-200" uid="hex bolt gradeb_iso-200" entityUid="hex bolt gradeb_iso*:*ISO 4015 - M4 x 20 x 14-N">
<Transform>
<Rotation>8.5462866042678794e-16 -0.999785123592838 0.020729366667928888 0.9950441525436482 -0.0020612053184043857 -0.099412705029733012 0.099434071065673035 0.020626635088855934 0.99483034103118195</Rotation>
<Translation>-0.31163931621497498 -0.016848006209196603 -0.31040234478645568</Translation>
</Transform>
</Instance>
<Instance name="hex bolt gradeb_iso-211" uid="hex bolt gradeb_iso-211" entityUid="hex bolt gradeb_iso*:*ISO 4015 - M3 x 20 x 12-N">
<Transform>
<Rotation>-1 -9.4890734811161249e-16 -2.3298052379799283e-15 2.3426064393520851e-15 -0.013721616556578737 -0.99990585418782019 9.1684931833157183e-16 -0.99990585418782019 0.013721616556578737</Rotation>
<Translation>-0.22067968654480483 0.031340718560657954 -0.055926037913899732</Translation>
</Transform>
</Instance>
<Instance name="hex bolt gradeb_iso-217" uid="hex bolt gradeb_iso-217" entityUid="hex bolt gradeb_iso*:*ISO 4015 - M3 x 20 x 12-N">
<Transform>
<Rotation>1 -9.2973879196060119e-16 -1.9189121452877801e-16 -9.3003527580353203e-16 -0.91889799092797675 -0.39449522464603781 1.9044906208940972e-16 0.39449522464603781 -0.91889799092797675</Rotation>
<Translation>-0.17967968654475019 -0.030656147818111573 -0.027941953879559611</Translation>
</Transform>
</Instance>
<Instance name="hex bolt gradeb_iso-213" uid="hex bolt gradeb_iso-213" entityUid="hex bolt gradeb_iso*:*ISO 4015 - M3 x 20 x 12-N">
<Transform>
<Rotation>1 -1.0315337337274896e-15 -1.2380753324394695e-16 -9.9671575613656745e-16 -0.91889799092797664 -0.39449522464603815 2.9316863845718103e-16 0.39449522464603815 -0.91889799092797664</Rotation>
<Translation>-0.17967968654483774 0.0037240381284636137 -0.075775447524731462</Translation>
</Transform>
</Instance>
<Instance name="hex bolt gradeb_iso-202" uid="hex bolt gradeb_iso-202" entityUid="hex bolt gradeb_iso*:*ISO 4015 - M4 x 20 x 14-N">
<Transform>
<Rotation>8.4787131616328789e-16 -0.999785123592838 0.020729366667928961 0.9950441525436482 -0.0020612053184044022 -0.099412705029733123 0.099434071065673146 0.020626635088856003 0.99483034103118195</Rotation>
<Translation>-0.3117534254680342 -0.01505546891005452 -0.32834039900393541</Translation>
</Transform>
</Instance>
<Instance name="hex bolt gradeb_iso-212" uid="hex bolt gradeb_iso-212" entityUid="hex bolt gradeb_iso*:*ISO 4015 - M3 x 20 x 12-N">
<Transform>
<Rotation>1 -1.0315337337274896e-15 -1.2380753324394695e-16 -9.9671575613656745e-16 -0.91889799092797664 -0.39449522464603815 2.9316863845718103e-16 0.39449522464603815 -0.91889799092797664</Rotation>
<Translation>-0.179679686544783 -0.0272743950609384 -0.061783405507562186</Translation>
</Transform>
</Instance>
<Instance name="hex bolt gradeb_iso-219" uid="hex bolt gradeb_iso-219" entityUid="hex bolt gradeb_iso*:*ISO 4015 - M3 x 20 x 12-N">
<Transform>
