<?xml version="1.0" encoding="UTF-8" standalone="no" ?>
<SimscapeMultibodyImportXML version="2.0" xmlns="urn:mathworks:SimscapeMultibody:import" xmlns:xsi="http://www.w3.org/2001/XMLSchema-instance">
<Created by="" on="11/09/18||14:50:59" using="Simscape Multibody Link Version 5.1" from="SolidWorks 25.4.0"/>
<ModelUnits mass="kilogram" length="millimeter"/>
<DataUnits mass="kilogram" length="meter"/>
<RootAssembly name="robot" uid="robot" version="188">
<AssemblyFile name="robot.SLDASM" type="SolidWorks Assembly"/>
<InstanceTree>
<Instance name="Leg_model_left-2" uid="Leg_model_left-2" entityUid="Leg_model_left">
<Transform>
<Rotation>-3.4914813388431334e-15 -1 0 1 -3.4914813388431334e-15 0 0 0 1</Rotation>
<Translation>0.11137139113217125 0.068583391552730244 0.38608449814419982</Translation>
</Transform>
<Instance name="hex nut style 1 gradeab_iso-198" uid="hex nut style 1 gradeab_iso-198" entityUid="hex nut style 1 gradeab_iso*:*ISO - 4032 - M3 - W - N">
<Transform>
<Rotation>-1 -1.801132854357721e-13 -3.5590345252359189e-15 -3.8628908476553551e-14 0.23368294781905086 -0.97231285083485297 1.759581477145341e-13 -0.97231285083485297 -0.23368294781905091</Rotation>
<Translation>0.081675488069827523 -0.29496917099317671 -0.21602080134758811</Translation>
</Transform>
</Instance>
<Instance name="hex nut style 1 gradeab_iso-207" uid="hex nut style 1 gradeab_iso-207" entityUid="hex nut style 1 gradeab_iso*:*ISO - 4032 - M3 - W - N">
<Transform>
<Rotation>-1 -1.8087480502199203e-13 -3.4548001189833027e-15 -3.8908211070981908e-14 0.23368294781905069 -0.97231285083485286 1.7667422519106093e-13 -0.97231285083485286 -0.23368294781905086</Rotation>
<Translation>0.068377932647911782 -0.29058380043779597 -0.2342675420125146</Translation>
</Transform>
</Instance>
<Instance name="hex nut style 1 gradeab_iso-209" uid="hex nut style 1 gradeab_iso-209" entityUid="hex nut style 1 gradeab_iso*:*ISO - 4032 - M3 - W - N">
<Transform>
<Rotation>-1 1.6371662508373485e-13 3.6404400833669597e-15 -3.471813688080165e-14 -0.23368294781905163 0.97231285083485264 1.6003448723426681e-13 0.97231285083485264 0.23368294781905163</Rotation>
<Translation>0.058981590075005003 -0.20611524485961841 -0.2271205167996449</Translation>
</Transform>
</Instance>
<Instance name="hex nut style 1 gradeab_iso-211" uid="hex nut style 1 gradeab_iso-211" entityUid="hex nut style 1 gradeab_iso*:*ISO - 4032 - M3 - W - N">
<Transform>
<Rotation>-1 1.6371662508373485e-13 3.6404400833669597e-15 -3.471813688080165e-14 -0.23368294781905163 0.97231285083485264 1.6003448723426681e-13 0.97231285083485264 0.23368294781905163</Rotation>
<Translation>0.098198333283236877 -0.21638689931920285 -0.1843820041114089</Translation>
</Transform>
</Instance>
<Instance name="hex nut style 1 gradeab_iso-213" uid="hex nut style 1 gradeab_iso-213" entityUid="hex nut style 1 gradeab_iso*:*ISO - 4032 - M3 - W - N">
<Transform>
<Rotation>-1 1.6371662508373485e-13 3.6404400833669597e-15 -3.471813688080165e-14 -0.23368294781905163 0.97231285083485264 1.6003448723426681e-13 0.97231285083485264 0.23368294781905163</Rotation>
<Translation>0.11665655482987075 -0.20331456920215535 -0.23877362610088715</Translation>
</Transform>
</Instance>
<Instance name="hex nut style 1 gradeab_iso-215" uid="hex nut style 1 gradeab_iso-215" entityUid="hex nut style 1 gradeab_iso*:*ISO - 4032 - M3 - W - N">
<Transform>
<Rotation>-1 1.6175210710374601e-13 1.846710631304282e-15 -3.6003128725356217e-14 -0.23368294781905391 0.97231285083485197 1.5770519717067963e-13 0.97231285083485208 0.2336829478190541</Rotation>
<Translation>0.11417971947749594 -0.20810715871614976 -0.21883252035601555</Translation>
</Transform>
</Instance>
<Instance name="hex nut style 1 gradeab_iso-217" uid="hex nut style 1 gradeab_iso-217" entityUid="hex nut style 1 gradeab_iso*:*ISO - 4032 - M3 - W - N">
<Transform>
<Rotation>-1 1.6175210710374601e-13 1.846710631304282e-15 -3.6003128725356217e-14 -0.23368294781905391 0.97231285083485197 1.5770519717067963e-13 0.97231285083485208 0.2336829478190541</Rotation>
<Translation>0.077981270640788081 -0.20422020057161144 -0.23500545633557288</Translation>
</Transform>
</Instance>
<Instance name="hex nut style 1 gradeab_iso-195" uid="hex nut style 1 gradeab_iso-195" entityUid="hex nut style 1 gradeab_iso*:*ISO - 4032 - M3 - W - N">
<Transform>
<Rotation>-1 1.6195325446529936e-13 3.0546853369509449e-15 -3.4875604103965728e-14 -0.23368294781905019 0.97231285083485297 1.5818305842533591e-13 0.97231285083485297 0.23368294781905036</Rotation>
<Translation>-0.048906623963548279 -0.23562654460334459 -0.10432928939745129</Translation>
</Transform>
</Instance>
<Instance name="hex nut style 1 gradeab_iso-205" uid="hex nut style 1 gradeab_iso-205" entityUid="hex nut style 1 gradeab_iso*:*ISO - 4032 - M3 - W - N">
<Transform>
<Rotation>-1 -1.7115506207894568e-13 -3.2610415581282697e-15 -3.6825266826685965e-14 0.23368294781905036 -0.97231285083485308 1.6717831614905977e-13 -0.97231285083485308 -0.23368294781905041</Rotation>
<Translation>0.084359318842171405 -0.28230405983474266 -0.26871805825712136</Translation>
</Transform>
</Instance>
<Instance name="hex nut style 1 gradeab_iso-193" uid="hex nut style 1 gradeab_iso-193" entityUid="hex nut style 1 gradeab_iso*:*ISO - 4032 - M3 - W - N">
<Transform>
<Rotation>-1 1.6159209330075151e-13 3.0546853369509402e-15 -3.4791206898396457e-14 -0.23368294781905041 0.97231285083485286 1.5783189678382354e-13 0.97231285083485286 0.23368294781905055</Rotation>
<Translation>-0.08340662396354831 -0.24028117809592286 -0.084962193924722984</Translation>
</Transform>
</Instance>
<Instance name="hex nut style 1 gradeab_iso-192" uid="hex nut style 1 gradeab_iso-192" entityUid="hex nut style 1 gradeab_iso*:*ISO - 4032 - M3 - W - N">
<Transform>
<Rotation>-1 1.6159855693238161e-13 3.0546615158303368e-15 -3.4792740500471137e-14 -0.23368294781905072 0.97231285083485308 1.5783817588933091e-13 0.97231285083485308 0.23368294781905077</Rotation>
<Translation>-0.094906623963548264 -0.23562654460334442 -0.10432928939745117</Translation>
</Transform>
</Instance>
<Instance name="hex nut style 1 gradeab_iso-196" uid="hex nut style 1 gradeab_iso-196" entityUid="hex nut style 1 gradeab_iso*:*ISO - 4032 - M3 - W - N">
<Transform>
<Rotation>-1 1.6193272433831943e-13 3.1142648490274459e-15 -3.4812876638135213e-14 -0.23368294781904839 0.97231285083485341 1.5817701943505576e-13 0.97231285083485341 0.23368294781904855</Rotation>
<Translation>-0.060406623963547706 -0.23097191111076587 -0.12369638487017859</Translation>
</Transform>
</Instance>
<Instance name="hex nut style 1 gradeab_iso-197" uid="hex nut style 1 gradeab_iso-197" entityUid="hex nut style 1 gradeab_iso*:*ISO - 4032 - M3 - W - N">
<Transform>
<Rotation>-1 -1.7115506207894568e-13 -3.2610415581282697e-15 -3.6825266826685965e-14 0.23368294781905036 -0.97231285083485308 1.6717831614905977e-13 -0.97231285083485308 -0.23368294781905041</Rotation>
<Translation>0.098198333283235822 -0.29786671621916389 -0.20396463513864493</Translation>
</Transform>
</Instance>
<Instance name="hex nut style 1 gradeab_iso-202" uid="hex nut style 1 gradeab_iso-202" entityUid="hex nut style 1 gradeab_iso*:*ISO - 4032 - M3 - W - N">
<Transform>
<Rotation>-1 -1.7995080137051386e-13 -3.4548001189832727e-15 -3.8692287173908926e-14 0.23368294781905066 -0.97231285083485286 1.7577580456651031e-13 -0.97231285083485286 -0.23368294781905066</Rotation>
<Translation>0.11417971947749567 -0.28958697561611074 -0.23841515138325214</Translation>
</Transform>
</Instance>
<Instance name="hex nut style 1 gradeab_iso-203" uid="hex nut style 1 gradeab_iso-203" entityUid="hex nut style 1 gradeab_iso*:*ISO - 4032 - M3 - W - N">
<Transform>
<Rotation>-1 -1.7898994788294222e-13 -3.5590345252359315e-15 -3.8366403645812405e-14 0.23368294781905088 -0.97231285083485275 1.7486591217609218e-13 -0.97231285083485275 -0.23368294781905088</Rotation>
<Translation>0.10088216405557998 -0.28520160506072978 -0.25666189204817857</Translation>
</Transform>
</Instance>
<Instance name="hex nut style 1 gradeab_iso-199" uid="hex nut style 1 gradeab_iso-199" entityUid="hex nut style 1 gradeab_iso*:*ISO - 4032 - M3 - W - N">
<Transform>
<Rotation>-1 -1.7106864715552679e-13 -2.0730674243951204e-15 -3.7960155649334162e-14 0.23368294781905122 -0.97231285083485275 1.6681668451101206e-13 -0.97231285083485275 -0.23368294781905122</Rotation>
<Translation>0.065901097295536837 -0.29537638995179022 -0.21432643626764292</Translation>
</Transform>
</Instance>
<Instance name="hex nut style 1 gradeab_iso-187" uid="hex nut style 1 gradeab_iso-187" entityUid="hex nut style 1 gradeab_iso*:*ISO - 4032 - M3 - W - N">
<Transform>
<Rotation>-1 1.6206738939992382e-13 1.8967108304506812e-15 -3.6028188985547358e-14 -0.23368294781905091 0.97231285083485297 1.580234343928222e-13 0.97231285083485297 0.23368294781905097</Rotation>
<Translation>-0.086107038099970196 -0.24284817324166047 -0.074281387338166638</Translation>
</Transform>
</Instance>
<Instance name="hex nut style 1 gradeab_iso-194" uid="hex nut style 1 gradeab_iso-194" entityUid="hex nut style 1 gradeab_iso*:*ISO - 4032 - M3 - W - N">
<Transform>
<Rotation>-1 1.6211613828654805e-13 3.0546853369509185e-15 -3.4913667275467176e-14 -0.23368294781905019 0.97231285083485297 1.5834143245792912e-13 0.97231285083485297 0.23368294781905036</Rotation>
<Translation>-0.060406623963548164 -0.24028117809592281 -0.084962193924722873</Translation>
</Transform>
</Instance>
<Instance name="hex nut style 1 gradeab_iso-186" uid="hex nut style 1 gradeab_iso-186" entityUid="hex nut style 1 gradeab_iso*:*ISO - 4032 - M3 - W - N">
<Transform>
<Rotation>-1 1.6215552269289993e-13 1.8967108304506749e-15 -3.6048784233251017e-14 -0.23368294781905075 0.97231285083485286 1.5810912752616927e-13 0.97231285083485286 0.23368294781905091</Rotation>
<Translation>-0.10577007548689901 -0.23636354486824696 -0.1012627634257382</Translation>
</Transform>
</Instance>
<Instance name="hex nut style 1 gradeab_iso-189" uid="hex nut style 1 gradeab_iso-189" entityUid="hex nut style 1 gradeab_iso*:*ISO - 4032 - M3 - W - N">
<Transform>
<Rotation>-1 1.6238657719560091e-13 1.8967108304506662e-15 -3.6102777730549011e-14 -0.23368294781905075 0.97231285083485286 1.5833378478838862e-13 0.97231285083485275 0.23368294781905091</Rotation>
<Translation>-0.038043172440197018 -0.23488954433844172 -0.10739581536916415</Translation>
</Transform>
</Instance>
<Instance name="hex nut style 1 gradeab_iso-190" uid="hex nut style 1 gradeab_iso-190" entityUid="hex nut style 1 gradeab_iso*:*ISO - 4032 - M3 - W - N">
<Transform>
<Rotation>-1 1.6206738939992382e-13 1.8967108304506812e-15 -3.6028188985547358e-14 -0.23368294781905091 0.97231285083485297 1.580234343928222e-13 0.97231285083485297 0.23368294781905097</Rotation>
<Translation>-0.057706209827125848 -0.22840491596502843 -0.13437719145673571</Translation>
</Transform>
</Instance>
<Instance name="hex nut style 1 gradeab_iso-191" uid="hex nut style 1 gradeab_iso-191" entityUid="hex nut style 1 gradeab_iso*:*ISO - 4032 - M3 - W - N">
<Transform>
<Rotation>-1 1.6143763810409316e-13 3.2245324054794763e-15 -3.4589968865328462e-14 -0.2336829478190505 0.97231285083485308 1.5772140837488663e-13 0.97231285083485308 0.23368294781905055</Rotation>
<Translation>-0.083406623963548143 -0.23097191111076631 -0.12369638487017931</Translation>
</Transform>
</Instance>
<Instance name="hex nut style 1 gradeab_iso-200" uid="hex nut style 1 gradeab_iso-200" entityUid="hex nut style 1 gradeab_iso*:*ISO - 4032 - M3 - W - N">
<Transform>
<Rotation>-1 -1.6899822034787386e-13 -2.5656601237163371e-15 -3.6997377997900796e-14 0.23368294781905122 -0.97231285083485275 1.6491869243326967e-13 -0.97231285083485275 -0.23368294781905122</Rotation>
<Translation>0.10457638148461951 -0.29447075858233424 -0.21809460603295705</Translation>
</Transform>
</Instance>
<Instance name="hex nut style 1 gradeab_iso-201" uid="hex nut style 1 gradeab_iso-201" entityUid="hex nut style 1 gradeab_iso*:*ISO - 4032 - M3 - W - N">
<Transform>
<Rotation>-1 -1.7115506207894568e-13 -3.2610415581282697e-15 -3.6825266826685965e-14 0.23368294781905036 -0.97231285083485308 1.6717831614905977e-13 -0.97231285083485308 -0.23368294781905041</Rotation>
<Translation>0.12357606205040272 -0.2925757142943271 -0.22597954556888514</Translation>
</Transform>
</Instance>
<Instance name="hex nut style 1 gradeab_iso-188" uid="hex nut style 1 gradeab_iso-188" entityUid="hex nut style 1 gradeab_iso*:*ISO - 4032 - M3 - W - N">
<Transform>
<Rotation>-1 1.6203963382430832e-13 1.8967108304506516e-15 -3.6021702980819116e-14 -0.23368294781905075 0.97231285083485286 1.5799644728996888e-13 0.97231285083485286 0.23368294781905075</Rotation>
<Translation>-0.05224358657661933 -0.24211117297675783 -0.077347913309879834</Translation>
</Transform>
</Instance>
<Instance name="hex nut style 1 gradeab_iso-204" uid="hex nut style 1 gradeab_iso-204" entityUid="hex nut style 1 gradeab_iso*:*ISO - 4032 - M3 - W - N">
<Transform>
<Rotation>-1 -1.7115506207894568e-13 -3.2610415581282697e-15 -3.6825266826685965e-14 0.23368294781905036 -0.97231285083485308 1.6717831614905977e-13 -0.97231285083485308 -0.23368294781905041</Rotation>
<Translation>0.11665655482987031 -0.28479438610211655 -0.25835625712812316</Translation>
</Transform>
</Instance>
<Instance name="hex nut style 1 gradeab_iso-206" uid="hex nut style 1 gradeab_iso-206" entityUid="hex nut style 1 gradeab_iso*:*ISO - 4032 - M3 - W - N">
<Transform>
<Rotation>-1 -1.7098331264264411e-13 -2.0730674243951141e-15 -3.7940214428813062e-14 0.23368294781905122 -0.97231285083485264 1.6673371266751655e-13 -0.97231285083485264 -0.23368294781905122</Rotation>
<Translation>0.058981590075004559 -0.28759506175957972 -0.24670314782688102</Translation>
</Transform>
</Instance>
<Instance name="hex nut style 1 gradeab_iso-208" uid="hex nut style 1 gradeab_iso-208" entityUid="hex nut style 1 gradeab_iso*:*ISO - 4032 - M3 - W - N">
<Transform>
<Rotation>-1 -1.7995080137051386e-13 -3.4548001189832727e-15 -3.8692287173908926e-14 0.23368294781905066 -0.97231285083485286 1.7577580456651031e-13 -0.97231285083485286 -0.23368294781905066</Rotation>
<Translation>0.077981270640788025 -0.2857000174715722 -0.2545880873628098</Translation>
</Transform>
</Instance>
<Instance name="hex nut style 1 gradeab_iso-210" uid="hex nut style 1 gradeab_iso-210" entityUid="hex nut style 1 gradeab_iso*:*ISO - 4032 - M3 - W - N">
<Transform>
<Rotation>-1 1.6371662508373485e-13 3.6404400833669597e-15 -3.471813688080165e-14 -0.23368294781905163 0.97231285083485264 1.6003448723426681e-13 0.97231285083485264 0.23368294781905163</Rotation>
<Translation>0.065901097295537531 -0.21389657305182902 -0.19474380524040685</Translation>
</Transform>
</Instance>
<Instance name="hex nut style 1 gradeab_iso-212" uid="hex nut style 1 gradeab_iso-212" entityUid="hex nut style 1 gradeab_iso*:*ISO - 4032 - M3 - W - N">
<Transform>
<Rotation>-1 1.6371662508373485e-13 3.6404400833669597e-15 -3.471813688080165e-14 -0.23368294781905163 0.97231285083485264 1.6003448723426681e-13 0.97231285083485264 0.23368294781905163</Rotation>
<Translation>0.084359318842171377 -0.20082424293478157 -0.24913542722988508</Translation>
</Transform>
</Instance>
<Instance name="hex nut style 1 gradeab_iso-214" uid="hex nut style 1 gradeab_iso-214" entityUid="hex nut style 1 gradeab_iso*:*ISO - 4032 - M3 - W - N">
<Transform>
<Rotation>-1 1.6371662508373485e-13 3.6404400833669597e-15 -3.471813688080165e-14 -0.23368294781905163 0.97231285083485264 1.6003448723426681e-13 0.97231285083485264 0.23368294781905163</Rotation>
<Translation>0.1235760620504032 -0.21109589739436596 -0.20639691454164913</Translation>
</Transform>
</Instance>
<Instance name="hex nut style 1 gradeab_iso-216" uid="hex nut style 1 gradeab_iso-216" entityUid="hex nut style 1 gradeab_iso*:*ISO - 4032 - M3 - W - N">
<Transform>
<Rotation>-1 1.6175210710374601e-13 1.846710631304282e-15 -3.6003128725356217e-14 -0.23368294781905391 0.97231285083485197 1.5770519717067963e-13 0.97231285083485208 0.2336829478190541</Rotation>
<Translation>0.10088216405558009 -0.20372178816076875 -0.2370792610209419</Translation>
</Transform>
</Instance>
<Instance name="hex nut style 1 gradeab_iso-229" uid="hex nut style 1 gradeab_iso-229" entityUid="hex nut style 1 gradeab_iso*:*ISO - 4032 - M4 - W - N">
<Transform>
<Rotation>-1 5.2982117757315658e-16 -3.2040374398354207e-15 3.2391369519002347e-15 0.23368294781905066 -0.97231285083485297 2.3357697426451154e-16 -0.97231285083485297 -0.23368294781905072</Rotation>
<Translation>-0.079406623963548126 -0.27454036977195323 -0.046830818019970522</Translation>
</Transform>
</Instance>
<Instance name="hex nut style 1 gradeab_iso-241" uid="hex nut style 1 gradeab_iso-241" entityUid="hex nut style 1 gradeab_iso*:*ISO - 4032 - M4 - W - N">
<Transform>
<Rotation>-1 -1.6870688017736135e-13 -1.9966708235959471e-15 -3.7482532376531849e-14 0.23368294781905094 -0.97231285083485264 1.645024555445863e-13 -0.97231285083485264 -0.23368294781905111</Rotation>
<Translation>-0.022694465829617316 -0.30021570200558245 -0.1462627395043759</Translation>
</Transform>
</Instance>
<Instance name="hex nut style 1 gradeab_iso-243" uid="hex nut style 1 gradeab_iso-243" entityUid="hex nut style 1 gradeab_iso*:*ISO - 4032 - M4 - W - N">
<Transform>
<Rotation>-1 -1.6870688017736135e-13 -1.9966708235959471e-15 -3.7482532376531849e-14 0.23368294781905094 -0.97231285083485264 1.645024555445863e-13 -0.97231285083485264 -0.23368294781905111</Rotation>
<Translation>-0.031366784583040722 -0.29735567773033389 -0.15816278776411041</Translation>
</Transform>
</Instance>
<Instance name="hex nut style 1 gradeab_iso-222" uid="hex nut style 1 gradeab_iso-222" entityUid="hex nut style 1 gradeab_iso*:*ISO - 4032 - M4 - W - N">
<Transform>
<Rotation>-1 -1.6926126297637349e-13 -3.1346485007963303e-15 -3.6505611863719964e-14 0.23368294781905025 -0.97231285083485297 1.6530741504250809e-13 -0.97231285083485297 -0.23368294781905041</Rotation>
<Translation>-0.079406623963548043 -0.31168272067384445 -0.055757506626658071</Translation>
</Transform>
</Instance>
<Instance name="hex nut style 1 gradeab_iso-244" uid="hex nut style 1 gradeab_iso-244" entityUid="hex nut style 1 gradeab_iso*:*ISO - 4032 - M4 - W - N">
<Transform>
<Rotation>-1 -1.690323006733439e-13 -2.1138580466047426e-15 -3.7444634954428769e-14 0.23368294781905133 -0.97231285083485286 1.6484625073047463e-13 -0.97231285083485297 -0.23368294781905138</Rotation>
<Translation>-0.023207512081728027 -0.29600462905651626 -0.16378425907777011</Translation>
</Transform>
</Instance>
<Instance name="hex nut style 1 gradeab_iso-225" uid="hex nut style 1 gradeab_iso-225" entityUid="hex nut style 1 gradeab_iso*:*ISO - 4032 - M4 - W - N">
<Transform>
<Rotation>-1 -1.6918914985327051e-13 -3.2040374398353998e-15 -3.6421292499403352e-14 0.23368294781905039 -0.97231285083485286 1.6525351353802194e-13 -0.97231285083485286 -0.23368294781905039</Rotation>
<Translation>-0.064406623963548071 -0.31168272067384462 -0.055757506626658071</Translation>
</Transform>
</Instance>
<Instance name="hex nut style 1 gradeab_iso-253" uid="hex nut style 1 gradeab_iso-253" entityUid="hex nut style 1 gradeab_iso*:*ISO - 4032 - M4 - W - N">
<Transform>
<Rotation>-2.885213175199807e-15 -1.0829468894598328e-15 1 2.4980018054066026e-15 -1 -1.0829468894598249e-15 1 2.4424906541753681e-15 2.8852131751998114e-15</Rotation>
<Translation>-0.041206623963549141 -0.29770026777989744 0.0067403414248426996</Translation>
</Transform>
</Instance>
<Instance name="hex nut style 1 gradeab_iso-239" uid="hex nut style 1 gradeab_iso-239" entityUid="hex nut style 1 gradeab_iso*:*ISO - 4032 - M4 - W - N">
<Transform>
<Rotation>-1 1.6250034522850008e-13 1.9134040967490576e-15 -3.6113132302500157e-14 -0.23368294781905077 0.97231285083485286 1.5844830384046806e-13 0.97231285083485286 0.23368294781905077</Rotation>
<Translation>-0.023207512081728013 -0.23630462001525615 -0.1494361260816805</Translation>
</Transform>
</Instance>
<Instance name="hex nut style 1 gradeab_iso-218" uid="hex nut style 1 gradeab_iso-218" entityUid="hex nut style 1 gradeab_iso*:*ISO - 4032 - M3 - W - N">
<Transform>
<Rotation>-1 1.6211022909867007e-13 2.0362442028917015e-15 -3.5902529801489681e-14 -0.23368294781905272 0.97231285083485253 1.5809769455223028e-13 0.97231285083485253 0.23368294781905288</Rotation>
<Translation>0.068377932647912032 -0.20910398353783516 -0.21468491098527775</Translation>
</Transform>
</Instance>
<Instance name="hex nut style 1 gradeab_iso-227" uid="hex nut style 1 gradeab_iso-227" entityUid="hex nut style 1 gradeab_iso*:*ISO - 4032 - M4 - W - N">
<Transform>
<Rotation>-1 -1.6924613031038227e-13 -3.2040374398354128e-15 -3.6434607860589301e-14 0.2336829478190503 -0.97231285083485275 1.653089163687182e-13 -0.97231285083485286 -0.23368294781905047</Rotation>
<Translation>-0.06440662396354814 -0.30700906171746373 -0.07520376364335507</Translation>
</Transform>
</Instance>
<Instance name="hex nut style 1 gradeab_iso-224" uid="hex nut style 1 gradeab_iso-224" entityUid="hex nut style 1 gradeab_iso*:*ISO - 4032 - M4 - W - N">
<Transform>
<Rotation>-1 -1.6913156672493201e-13 -3.2040374398354061e-15 -3.6407836304228554e-14 0.23368294781905033 -0.97231285083485286 1.6519752472234714e-13 -0.97231285083485286 -0.23368294781905033</Rotation>
<Translation>-0.079406623963548084 -0.30700906171746362 -0.075203763643355126</Translation>
</Transform>
</Instance>
<Instance name="hex nut style 1 gradeab_iso-228" uid="hex nut style 1 gradeab_iso-228" entityUid="hex nut style 1 gradeab_iso*:*ISO - 4032 - M4 - W - N">
<Transform>
<Rotation>-1 1.6148686166728167e-13 3.2245324054795003e-15 -3.4601471572676514e-14 -0.23368294781905072 0.97231285083485308 1.5776926907793867e-13 0.97231285083485308 0.23368294781905077</Rotation>
<Translation>-0.064406623963548182 -0.27142896864928168 -0.046083032586949735</Translation>
</Transform>
</Instance>
<Instance name="hex nut style 1 gradeab_iso-231" uid="hex nut style 1 gradeab_iso-231" entityUid="hex nut style 1 gradeab_iso*:*ISO - 4032 - M4 - W - N">
<Transform>
<Rotation>-1 1.6149033111419533e-13 3.2245324054795007e-15 -3.4602282323258587e-14 -0.23368294781905072 0.97231285083485308 1.5777264246575808e-13 0.97231285083485308 0.23368294781905077</Rotation>
<Translation>-0.064406623963548196 -0.26909213917109115 -0.055806161095298179</Translation>
</Transform>
</Instance>
<Instance name="hex nut style 1 gradeab_iso-235" uid="hex nut style 1 gradeab_iso-235" entityUid="hex nut style 1 gradeab_iso*:*ISO - 4032 - M4 - W - N">
<Transform>
<Rotation>-1 1.6248605652440222e-13 1.8967108304506974e-15 -3.612602435335041e-14 -0.23368294781905097 0.97231285083485275 1.5843050981817459e-13 0.97231285083485275 0.23368294781905113</Rotation>
<Translation>-0.022694465829617233 -0.24051569296432235 -0.13191460650828624</Translation>
</Transform>
</Instance>
<Instance name="hex nut style 1 gradeab_iso-230" uid="hex nut style 1 gradeab_iso-230" entityUid="hex nut style 1 gradeab_iso*:*ISO - 4032 - M4 - W - N">
<Transform>
<Rotation>-1 1.6149033111419533e-13 3.2245324054795007e-15 -3.4602282323258587e-14 -0.23368294781905072 0.97231285083485308 1.5777264246575808e-13 0.97231285083485308 0.23368294781905077</Rotation>
<Translation>-0.079406623963548195 -0.26909213917109115 -0.055806161095298235</Translation>
</Transform>
</Instance>
<Instance name="hex nut style 1 gradeab_iso-240" uid="hex nut style 1 gradeab_iso-240" entityUid="hex nut style 1 gradeab_iso*:*ISO - 4032 - M4 - W - N">
<Transform>
<Rotation>-1 -1.6869300238955351e-13 -2.1138580466047249e-15 -3.7365346731282687e-14 0.23368294781905127 -0.97231285083485275 1.6451634664887899e-13 -0.97231285083485275 -0.23368294781905127</Rotation>
<Translation>-0.030853738330929859 -0.30156675067939975 -0.14064126819071604</Translation>
</Transform>
</Instance>
<Instance name="hex nut style 1 gradeab_iso-247" uid="hex nut style 1 gradeab_iso-247" entityUid="hex nut style 1 gradeab_iso*:*ISO - 4032 - M4 - W - N">
<Transform>
<Rotation>-1 1.6248605652440227e-13 1.8967108304506911e-15 -3.6126024353350422e-14 -0.23368294781905097 0.97231285083485275 1.5843050981817466e-13 0.97231285083485275 0.23368294781905113</Rotation>
<Translation>-0.030853738330929831 -0.24186674163813993 -0.12629313519462648</Translation>
</Transform>
</Instance>
<Instance name="hex nut style 1 gradeab_iso-250" uid="hex nut style 1 gradeab_iso-250" entityUid="hex nut style 1 gradeab_iso*:*ISO - 4032 - M4 - W - N">
<Transform>
<Rotation>-2.885213175199807e-15 -1.0829468894598328e-15 1 2.4980018054066026e-15 -1 -1.0829468894598249e-15 1 2.4424906541753681e-15 2.8852131751998114e-15</Rotation>
<Translation>-0.041206623963549169 -0.31228496054242028 0.0032350972075569917</Translation>
</Transform>
</Instance>
<Instance name="hex nut style 1 gradeab_iso-223" uid="hex nut style 1 gradeab_iso-223" entityUid="hex nut style 1 gradeab_iso*:*ISO - 4032 - M4 - W - N">
<Transform>
<Rotation>-1 -1.6912115838408935e-13 -3.2040374398354128e-15 -3.640540405245855e-14 0.2336829478190503 -0.97231285083485275 1.6518740455879e-13 -0.97231285083485286 -0.23368294781905047</Rotation>
<Translation>-0.079406623963548126 -0.3093458911956542 -0.065480635135006626</Translation>
</Transform>
</Instance>
<Instance name="hex nut style 1 gradeab_iso-220" uid="hex nut style 1 gradeab_iso-220" entityUid="hex nut style 1 gradeab_iso*:*ISO - 4032 - M3 - W - N">
<Transform>
<Rotation>-1 1.6175210710374601e-13 1.846710631304282e-15 -3.6003128725356217e-14 -0.23368294781905391 0.97231285083485197 1.5770519717067963e-13 0.97231285083485208 0.2336829478190541</Rotation>
<Translation>0.10457638148461987 -0.21299094168237365 -0.19851197500572051</Translation>
</Transform>
</Instance>
<Instance name="hex nut style 1 gradeab_iso-234" uid="hex nut style 1 gradeab_iso-234" entityUid="hex nut style 1 gradeab_iso*:*ISO - 4032 - M4 - W - N">
<Transform>
<Rotation>-1 1.6198356075308118e-13 1.8967108304506852e-15 -3.6008599660241479e-14 -0.23368294781905097 0.97231285083485275 1.5794192672222894e-13 0.97231285083485275 0.23368294781905113</Rotation>
<Translation>-0.014535193328304642 -0.23916464429050477 -0.1375360778219461</Translation>
</Transform>
</Instance>
<Instance name="hex nut style 1 gradeab_iso-238" uid="hex nut style 1 gradeab_iso-238" entityUid="hex nut style 1 gradeab_iso*:*ISO - 4032 - M4 - W - N">
<Transform>
<Rotation>-1 1.6249227945086813e-13 1.913404096749045e-15 -3.6111247467806678e-14 -0.23368294781905077 0.97231285083485286 1.5844046138122453e-13 0.97231285083485286 0.23368294781905077</Rotation>
<Translation>-0.031366784583040624 -0.23765566868907378 -0.14381465476802072</Translation>
</Transform>
</Instance>
<Instance name="hex nut style 1 gradeab_iso-226" uid="hex nut style 1 gradeab_iso-226" entityUid="hex nut style 1 gradeab_iso*:*ISO - 4032 - M4 - W - N">
<Transform>
<Rotation>-1 -1.6918579694980679e-13 -3.2040374398353998e-15 -3.6420508983038198e-14 0.23368294781905039 -0.97231285083485286 1.6525025346689655e-13 -0.97231285083485286 -0.23368294781905039</Rotation>
<Translation>-0.064406623963548099 -0.30934589119565409 -0.065480635135006626</Translation>
</Transform>
</Instance>
<Instance name="hex nut style 1 gradeab_iso-233" uid="hex nut style 1 gradeab_iso-233" entityUid="hex nut style 1 gradeab_iso*:*ISO - 4032 - M4 - W - N">
<Transform>
<Rotation>-1 1.6149033111419533e-13 3.2245324054795007e-15 -3.4602282323258587e-14 -0.23368294781905072 0.97231285083485308 1.5777264246575808e-13 0.97231285083485308 0.23368294781905077</Rotation>
<Translation>-0.079406623963548223 -0.26675530969290057 -0.06552928960364679</Translation>
</Transform>
</Instance>
<Instance name="hex nut style 1 gradeab_iso-237" uid="hex nut style 1 gradeab_iso-237" entityUid="hex nut style 1 gradeab_iso*:*ISO - 4032 - M4 - W - N">
<Transform>
<Rotation>-1 1.624999343122378e-13 1.8967108304506927e-15 -3.6129267355721047e-14 -0.23368294781905097 0.97231285083485275 1.5844400336962836e-13 0.97231285083485275 0.23368294781905113</Rotation>
<Translation>-0.039526057084353236 -0.23900671736289142 -0.13819318345436093</Translation>
</Transform>
</Instance>
<Instance name="hex nut style 1 gradeab_iso-219" uid="hex nut style 1 gradeab_iso-219" entityUid="hex nut style 1 gradeab_iso*:*ISO - 4032 - M3 - W - N">
<Transform>
<Rotation>-1 1.6175210710374601e-13 1.846710631304282e-15 -3.6003128725356217e-14 -0.23368294781905391 0.97231285083485197 1.5770519717067963e-13 0.97231285083485208 0.2336829478190541</Rotation>
<Translation>0.081675488069827912 -0.21348935409321634 -0.19643817032035144</Translation>
</Transform>
</Instance>
<Instance name="hex nut style 1 gradeab_iso-232" uid="hex nut style 1 gradeab_iso-232" entityUid="hex nut style 1 gradeab_iso*:*ISO - 4032 - M4 - W - N">
<Transform>
<Rotation>-1 1.6150420890200329e-13 3.2245324054794617e-15 -3.4605525325622762e-14 -0.2336829478190505 0.97231285083485286 1.5778613601718494e-13 0.97231285083485286 0.2336829478190505</Rotation>
<Translation>-0.064406623963548154 -0.26675530969290062 -0.065529289603646734</Translation>
</Transform>
</Instance>
<Instance name="hex nut style 1 gradeab_iso-242" uid="hex nut style 1 gradeab_iso-242" entityUid="hex nut style 1 gradeab_iso*:*ISO - 4032 - M4 - W - N">
<Transform>
<Rotation>-1 -1.6894958911698193e-13 -1.9966708235959822e-15 -3.7539249317004398e-14 0.23368294781905088 -0.97231285083485275 1.6473844456559193e-13 -0.97231285083485275 -0.23368294781905088</Rotation>
<Translation>-0.039526057084353333 -0.29870672640415147 -0.1525413164504506</Translation>
</Transform>
</Instance>
<Instance name="hex nut style 1 gradeab_iso-248" uid="hex nut style 1 gradeab_iso-248" entityUid="hex nut style 1 gradeab_iso*:*ISO - 4032 - M4 - W - N">
<Transform>
<Rotation>-1 -1.6896346690478987e-13 -1.9966708235959759e-15 -3.7542492319368567e-14 0.23368294781905088 -0.97231285083485275 1.6475193811701874e-13 -0.97231285083485275 -0.23368294781905088</Rotation>
<Translation>-0.014535193328304719 -0.29886465333176476 -0.15188421081803577</Translation>
</Transform>
</Instance>
<Instance name="hex nut style 1 gradeab_iso-249" uid="hex nut style 1 gradeab_iso-249" entityUid="hex nut style 1 gradeab_iso*:*ISO - 4032 - M4 - W - N">
<Transform>
<Rotation>-2.885213175199807e-15 -1.0829468894598328e-15 1 2.4980018054066026e-15 -1 -1.0829468894598249e-15 1 2.4424906541753681e-15 2.8852131751998114e-15</Rotation>
<Translation>-0.041206623963549127 -0.3099481310642298 -0.0064880313007914525</Translation>
</Transform>
</Instance>
<Instance name="hex nut style 1 gradeab_iso-251" uid="hex nut style 1 gradeab_iso-251" entityUid="hex nut style 1 gradeab_iso*:*ISO - 4032 - M4 - W - N">
<Transform>
<Rotation>-2.885213175199807e-15 -1.0829468894598328e-15 1 2.4980018054066026e-15 -1 -1.0829468894598249e-15 1 2.4424906541753681e-15 2.8852131751998114e-15</Rotation>
<Translation>-0.04120662396354921 -0.31462179002061075 0.012958225715905547</Translation>
</Transform>
</Instance>
<Instance name="hex nut style 1 gradeab_iso-252" uid="hex nut style 1 gradeab_iso-252" entityUid="hex nut style 1 gradeab_iso*:*ISO - 4032 - M4 - W - N">
<Transform>
<Rotation>-2.885213175199807e-15 -1.0829468894598328e-15 1 2.4980018054066026e-15 -1 -1.0829468894598249e-15 1 2.4424906541753681e-15 2.8852131751998114e-15</Rotation>
<Translation>-0.041206623963549197 -0.30062130462763553 0.018894252060278338</Translation>
</Transform>
</Instance>
<Instance name="hex nut style 1 gradeab_iso-257" uid="hex nut style 1 gradeab_iso-257" entityUid="hex nut style 1 gradeab_iso*:*ISO - 4032 - M4 - W - N">
<Transform>
<Rotation>2.4702267039746608e-15 -1.2938628443128418e-15 -1 -6.1062266354384142e-16 -1 1.2938628443128394e-15 -1 5.5511151231260982e-16 -2.4702267039746624e-15</Rotation>
<Translation>-0.10260662396354919 -0.29770026777989728 0.0067403414248426441</Translation>
</Transform>
</Instance>
<Instance name="hex nut style 1 gradeab_iso-264" uid="hex nut style 1 gradeab_iso-264" entityUid="hex nut style 1 gradeab_iso*:*ISO - 4032 - M4 - W - N">
<Transform>
<Rotation>-1 1.6136799749285258e-13 2.0362442028916653e-15 -3.5729082931877838e-14 -0.23368294781905316 0.97231285083485219 1.5737601322359798e-13 0.97231285083485219 0.23368294781905316</Rotation>
<Translation>0.042579714180883771 -0.23943043208213022 -0.17922320649575499</Translation>
</Transform>
</Instance>
<Instance name="hex nut style 1 gradeab_iso-278" uid="hex nut style 1 gradeab_iso-278" entityUid="hex nut style 1 gradeab_iso*:*ISO - 4032 - M4 - W - N">
<Transform>
<Rotation>-1 1.6319016326800239e-13 1.9964143308003913e-15 -3.6193619098111237e-14 -0.23368294781905305 0.9723128508348523 1.5913842086120599e-13 0.9723128508348523 0.23368294781905319</Rotation>
<Translation>0.053602146986929444 -0.20699459958417499 -0.27138986634962603</Translation>
</Transform>
</Instance>
<Instance name="hex nut style 1 gradeab_iso-280" uid="hex nut style 1 gradeab_iso-280" entityUid="hex nut style 1 gradeab_iso*:*ISO - 4032 - M4 - W - N">
<Transform>
<Rotation>-1 -1.6943911771053937e-13 -2.8967132269543156e-15 -3.6778521006707176e-14 0.2336829478190518 -0.97231285083485275 1.654247440699379e-13 -0.97231285083485275 -0.23368294781905197</Rotation>
<Translation>0.049066776242225843 -0.27077189335184454 -0.26877314858103546</Translation>
</Transform>
</Instance>
<Instance name="hex nut style 1 gradeab_iso-281" uid="hex nut style 1 gradeab_iso-281" entityUid="hex nut style 1 gradeab_iso*:*ISO - 4032 - M4 - W - N">
<Transform>
<Rotation>-1 -1.6940337465358426e-13 -1.7615761402399908e-15 -3.7873876840665492e-14 0.23368294781905224 -0.97231285083485242 1.6512472845573011e-13 -0.97231285083485242 -0.23368294781905224</Rotation>
<Translation>0.042409382167538048 -0.26902818783368421 -0.27602839462787987</Translation>
</Transform>
</Instance>
<Instance name="hex nut style 1 gradeab_iso-255" uid="hex nut style 1 gradeab_iso-255" entityUid="hex nut style 1 gradeab_iso*:*ISO - 4032 - M4 - W - N">
<Transform>
<Rotation>2.4702267039746608e-15 -1.2938628443128418e-15 -1 -6.1062266354384142e-16 -1 1.2938628443128394e-15 -1 5.5511151231260982e-16 -2.4702267039746624e-15</Rotation>
<Translation>-0.10260662396354922 -0.30062130462763542 0.018894252060278283</Translation>
</Transform>
</Instance>
<Instance name="hex nut style 1 gradeab_iso-256" uid="hex nut style 1 gradeab_iso-256" entityUid="hex nut style 1 gradeab_iso*:*ISO - 4032 - M4 - W - N">
<Transform>
<Rotation>2.7049739014712397e-15 -1.3637494995052093e-15 -1 -6.106226635438429e-16 -1 1.3637494995052069e-15 -1 5.5511151231260973e-16 -2.7049739014712405e-15</Rotation>
<Translation>-0.10260662396354919 -0.31462179002061058 0.01295822571590538</Translation>
</Transform>
</Instance>
<Instance name="hex nut style 1 gradeab_iso-259" uid="hex nut style 1 gradeab_iso-259" entityUid="hex nut style 1 gradeab_iso*:*ISO - 4032 - M4 - W - N">
<Transform>
<Rotation>2.4702267039746608e-15 -1.2938628443128418e-15 -1 -6.1062266354384142e-16 -1 1.2938628443128394e-15 -1 5.5511151231260982e-16 -2.4702267039746624e-15</Rotation>
<Translation>-0.1026066239635491 -0.30994813106422958 -0.006488031300791619</Translation>
</Transform>
</Instance>
<Instance name="hex nut style 1 gradeab_iso-258" uid="hex nut style 1 gradeab_iso-258" entityUid="hex nut style 1 gradeab_iso*:*ISO - 4032 - M4 - W - N">
<Transform>
<Rotation>2.4702267039746608e-15 -1.2938628443128418e-15 -1 -6.1062266354384142e-16 -1 1.2938628443128394e-15 -1 5.5511151231260982e-16 -2.4702267039746624e-15</Rotation>
<Translation>-0.10260662396354919 -0.31228496054242005 0.0032350972075568807</Translation>
</Transform>
</Instance>
<Instance name="hex nut style 1 gradeab_iso-270" uid="hex nut style 1 gradeab_iso-270" entityUid="hex nut style 1 gradeab_iso*:*ISO - 4032 - M4 - W - N">
<Transform>
<Rotation>-1 -1.6896185353604369e-13 -2.1171663425405714e-15 -3.7424955961066241e-14 0.23368294781905116 -0.97231285083485297 1.6477852716591966e-13 -0.97231285083485297 -0.23368294781905122</Rotation>
<Translation>0.058898259183508633 -0.27698208675905783 -0.20014062316278314</Translation>
</Transform>
</Instance>
<Instance name="upper leg cap-16" uid="upper leg cap-16" entityUid="upper leg cap*:*Default">
<Transform>
<Rotation>0.49999999999999467 -0.86602540378444182 -3.1918911957973251e-15 -0.20237536924253369 -0.1168414739095215 -0.97231285083485308 0.84204762924905474 0.48615642541742193 -0.23368294781905088</Rotation>
<Translation>-0.071906623963553115 -0.29338192794293461 -0.11821005649790334</Translation>
</Transform>
</Instance>
<Instance name="hex nut style 1 gradeab_iso-266" uid="hex nut style 1 gradeab_iso-266" entityUid="hex nut style 1 gradeab_iso*:*ISO - 4032 - M4 - W - N">
<Transform>
<Rotation>-1 1.6169730143253701e-13 2.0305913197578275e-15 -3.5811532018147028e-14 -0.23368294781905316 0.97231285083485242 1.5769487869358933e-13 0.97231285083485242 0.23368294781905322</Rotation>
<Translation>0.042066667928773047 -0.23521935913306397 -0.19674472606914911</Translation>
</Transform>
</Instance>
<Instance name="hex nut style 1 gradeab_iso-254" uid="hex nut style 1 gradeab_iso-254" entityUid="hex nut style 1 gradeab_iso*:*ISO - 4032 - M4 - W - N">
<Transform>
<Rotation>-2.7678395764515184e-15 -1.048003561863649e-15 1 2.4980018054066022e-15 -1 -1.0480035618636419e-15 1 2.4424906541753681e-15 2.7678395764515223e-15</Rotation>
<Translation>-0.041206623963549113 -0.29477923093215941 -0.0054135692105929945</Translation>
</Transform>
</Instance>
<Instance name="hex nut style 1 gradeab_iso-263" uid="hex nut style 1 gradeab_iso-263" entityUid="hex nut style 1 gradeab_iso*:*ISO - 4032 - M4 - W - N">
<Transform>
<Rotation>-1 1.6169730143253701e-13 2.0305913197578275e-15 -3.5811532018147028e-14 -0.23368294781905316 0.97231285083485242 1.5769487869358933e-13 0.97231285083485242 0.23368294781905322</Rotation>
<Translation>0.050738986682196452 -0.23807938340831242 -0.1848446778094146</Translation>
</Transform>
</Instance>
<Instance name="hex nut style 1 gradeab_iso-267" uid="hex nut style 1 gradeab_iso-267" entityUid="hex nut style 1 gradeab_iso*:*ISO - 4032 - M4 - W - N">
<Transform>
<Rotation>-1 -1.6882310235924505e-13 -2.1627544483972925e-15 -3.7348206275888792e-14 0.23368294781905075 -0.97231285083485286 1.6465427077661196e-13 -0.97231285083485286 -0.23368294781905091</Rotation>
<Translation>0.033907395427460074 -0.27682415983144448 -0.20079772879519805</Translation>
</Transform>
</Instance>
<Instance name="hex nut style 1 gradeab_iso-271" uid="hex nut style 1 gradeab_iso-271" entityUid="hex nut style 1 gradeab_iso*:*ISO - 4032 - M4 - W - N">
<Transform>
<Rotation>-1 -1.6896795914111324e-13 -2.1171663425405734e-15 -3.7426382736857092e-14 0.23368294781905094 -0.97231285083485264 1.6478446372419086e-13 -0.97231285083485264 -0.23368294781905111</Rotation>
<Translation>0.042066667928772686 -0.27547311115762713 -0.20641920010885792</Translation>
</Transform>
</Instance>
<Instance name="hex nut style 1 gradeab_iso-268" uid="hex nut style 1 gradeab_iso-268" entityUid="hex nut style 1 gradeab_iso*:*ISO - 4032 - M4 - W - N">
<Transform>
<Rotation>-1 -1.690323006733439e-13 -2.1138580466047426e-15 -3.7444634954428769e-14 0.23368294781905133 -0.97231285083485286 1.6484625073047463e-13 -0.97231285083485297 -0.23368294781905138</Rotation>
<Translation>0.042579714180883549 -0.2796841841066931 -0.18889768053546357</Translation>
</Transform>
</Instance>
<Instance name="hex nut style 1 gradeab_iso-275" uid="hex nut style 1 gradeab_iso-275" entityUid="hex nut style 1 gradeab_iso*:*ISO - 4032 - M4 - W - N">
<Transform>
<Rotation>-1 1.6330315068859494e-13 1.9960890701486571e-15 -3.622033858673339e-14 -0.23368294781905319 0.97231285083485219 1.5924820397436288e-13 0.97231285083485219 0.23368294781905335</Rotation>
<Translation>0.042409382167538173 -0.2093281787924241 -0.26168026163179003</Translation>
</Transform>
</Instance>
<Instance name="hex nut style 1 gradeab_iso-276" uid="hex nut style 1 gradeab_iso-276" entityUid="hex nut style 1 gradeab_iso*:*ISO - 4032 - M4 - W - N">
