%path described seperately for x,y, and z
x =         [0.0525; 0.0525; 0.0525; 0.0525; 0.0525; 0.0525];
y =         [0.4000; 0.4000; 0.3950; 0.3750; 0.3950; 0.4000];
z =         [0.0500; -0.050; -0.050; 0.0000; 0.0500; 0.0500];
time_pos =  [     0;   1.00;    1.1;    1.5;    1.9;    2.0];

%force described seperately for x,y, and z directions
Fx =            [     0;      0;      0;      0;      0];
Fy =            [    95;     95;      0;      0;     95];
Fz =            [   -48;    -48;      0;      0;    -48];
time_force =    [     0;      1;   1.01;   1.99;    2.0];

gaitPeriod = 2.0;