<?xml version="1.0" encoding="UTF-8" standalone="no" ?>
<SimscapeMultibodyImportXML version="2.0" xmlns="urn:mathworks:SimscapeMultibody:import" xmlns:xsi="http://www.w3.org/2001/XMLSchema-instance">
<Created by="" on="11/19/18||18:48:13" using="Simscape Multibody Link Version 5.1" from="SolidWorks 25.4.0"/>
<ModelUnits mass="kilogram" length="millimeter"/>
<DataUnits mass="kilogram" length="meter"/>
<RootAssembly name="robot" uid="robot" version="213">
<AssemblyFile name="robot.SLDASM" type="SolidWorks Assembly"/>
<InstanceTree>
<Instance name="body-1" uid="body-1" grounded="true" entityUid="body*:*Default">
<Transform>
<Rotation>1 0 0 0 -3.4914813388431334e-15 -1 0 1 -3.4914813388431334e-15</Rotation>
<Translation>0 0 0</Translation>
</Transform>
</Instance>
<Instance name="Leg_model_left-1" uid="Leg_model_left-1" entityUid="Leg_model_left">
<Transform>
<Rotation>-3.4914813388431334e-15 -1 0 1 -3.4914813388431334e-15 0 0 0 1</Rotation>
<Translation>0.11727251246967572 0.52970346284168845 0.48575919793235822</Translation>
</Transform>
<Instance name="Ball bearing filler-1" uid="Ball bearing filler-1" entityUid="Ball bearing filler*:*Default">
<Transform>
<Rotation>0 -1 -8.176553154052773e-15 0.47792504305520933 7.2195151007395148e-15 -0.87840062227930837 0.87840062227930837 -3.8393606354633966e-15 0.47792504305520933</Rotation>
<Translation>-0.24770346284168648 0.27727251246967466 -0.57325919793235891</Translation>
</Transform>
</Instance>
<Instance name="hip-1" uid="hip-1" entityUid="hip*:*Default">
<Transform>
<Rotation>-1 3.9212342590431346e-15 -7.1870292575117407e-15 7.2839549493448899e-15 0.025305082749074378 -0.99967977512154482 -3.7381102121977857e-15 -0.99967977512154482 -0.025305082749074378</Rotation>
<Translation>-0.28220346284168674 0.27948670721022062 -0.66073117825549244</Translation>
</Transform>
</Instance>
<Instance name="Lower joint cap-1" uid="Lower joint cap-1" entityUid="Lower joint cap*:*Default">
<Transform>
<Rotation>-7.1200478938099392e-15 3.8157743109101042e-15 0.99999999999999989 -0.99967977512154482 0.025305082749076613 -7.2143263620279284e-15 -0.025305082749076613 -0.99967977512154482 3.634379003914943e-15</Rotation>
<Translation>-0.32170346284168666 0.27727251246967616 -0.57325919793235736</Translation>
</Transform>
</Instance>
<Instance name="SEA system-5" uid="SEA system-5" entityUid="SEA system" rigid="true">
<Transform>
<Rotation>4.9807646098526211e-15 -4.2780848695276666e-15 1 0.99967977512154504 -0.025305082749074271 -5.0874269367417769e-15 0.025305082749074271 0.99967977512154504 4.1506762597143185e-15</Rotation>
<Translation>-0.28227549975663241 0.27727251246967677 -0.57325919793235725</Translation>
</Transform>
<Instance name="spring holder-2" uid="spring holder-2" entityUid="spring holder*:*Default">
<Transform>
<Rotation>0.45073332239401592 2.9479455631321253e-16 0.89265865373257436 -1.5751289161869408e-15 1 4.6509215089398593e-16 -0.89265865373257436 -1.6156849881705088e-15 0.45073332239401592</Rotation>
<Translation>-0.023498263518223289 -0.11600984807753012 7.2036914945367014e-05</Translation>
</Transform>
</Instance>
<Instance name="spring connector-2" uid="spring connector-2" entityUid="spring connector*:*Default">
<Transform>
<Rotation>-4.3468681565990749e-16 0 1.0000000000000002 -1.8845786421714917e-15 1.0000000000000002 0 -1 -1.8845786421714925e-15 -4.3468681565990754e-16</Rotation>
<Translation>0.023498263518223234 -0.11600984807753015 7.2036914945450281e-05</Translation>
</Transform>
</Instance>
<Instance name="spring base-2" uid="spring base-2" entityUid="spring base*:*Default">
<Transform>
<Rotation>0 4.8516893686346148e-16 1 1 1.8388068845354147e-15 0 -1.8388068845354147e-15 1 -4.8516893686346138e-16</Rotation>
<Translation>0.012498263518223224 -0.055009848077530205 7.2036914945339259e-05</Translation>
</Transform>
</Instance>
<Instance name="spring-2" uid="spring-2" entityUid="spring*:*Default">
<Transform>
<Rotation>-1 4.0245584642661742e-16 -6.9388939039072363e-16 4.0245584642661915e-16 1 -2.4633073358870653e-15 6.9388939039072264e-16 -2.4633073358870657e-15 -1</Rotation>
<Translation>-0.023498263518223289 -0.11300984807753012 7.203691494539477e-05</Translation>
</Transform>
</Instance>
<Instance name="spring base-1" uid="spring base-1" entityUid="spring base*:*Default">
<Transform>
<Rotation>5.5511151231257827e-16 -4.9320659862301223e-16 -1.0000000000000002 1.0000000000000002 -9.7838404045091841e-16 5.5511151231257827e-16 -9.7838404045091999e-16 -1 4.9320659862301213e-16</Rotation>
<Translation>-0.012498263518223279 -0.05500984807753026 7.2036914945255992e-05</Translation>
</Transform>
</Instance>
<Instance name="spring connector-1" uid="spring connector-1" entityUid="spring connector*:*Default">
<Transform>
<Rotation>5.0393100468369331e-16 3.6082248300317573e-16 -1 1.6734928844535424e-15 1 3.6082248300317657e-16 1 -1.6734928844535426e-15 5.0393100468369271e-16</Rotation>
<Translation>-0.023498263518223289 -0.11600984807753012 7.2036914945367014e-05</Translation>
</Transform>
</Instance>
<Instance name="spring holder-1" uid="spring holder-1" entityUid="spring holder*:*Default">
<Transform>
<Rotation>0.76073513419101357 0 -0.64906244353481168 -1.2212453270876722e-15 -1.0000000000000002 -1.4675760606763788e-15 -0.64906244353481168 1.9121359833845204e-15 -0.76073513419101357</Rotation>
<Translation>0.023498263518223234 -0.11500984807753017 7.2036914945422525e-05</Translation>
</Transform>
</Instance>
<Instance name="spring-1" uid="spring-1" entityUid="spring*:*Default">
<Transform>
<Rotation>-1 -4.3021142204224791e-16 0 -4.3021142204224796e-16 1 -2.0747292772682613e-15 0 -2.0747292772682613e-15 -1</Rotation>
<Translation>0.023498263518223261 -0.11300984807753023 7.2036914945339259e-05</Translation>
</Transform>
</Instance>
<Instance name="Motor axis connector-1" uid="Motor axis connector-1" entityUid="Motor axis connector*:*Default">
<Transform>
<Rotation>1 0 0 0 1 0 0 0 1</Rotation>
<Translation>0 0 0</Translation>
</Transform>
</Instance>
</Instance>
<Instance name="motor body-1" uid="motor body-1" entityUid="motor body*:*Default">
<Transform>
<Rotation>3.476230210312766e-15 3.3806103616663628e-15 1 1.0200174038743626e-15 1.0000000000000002 -3.380610361666366e-15 -1.0000000000000002 1.0200174038743626e-15 3.4762302103127617e-15</Rotation>
<Translation>-0.21070346284168762 0.2772725124696761 -0.5732591979323578</Translation>
</Transform>
</Instance>
<Instance name="Lower joint cap-2" uid="Lower joint cap-2" entityUid="Lower joint cap*:*Default">
<Transform>
<Rotation>-7.2471795152693893e-15 5.6029166323075307e-15 0.99999999999999989 -0.99967977512154493 0.025305082749077428 -7.3866410571066975e-15 -0.025305082749077428 -0.99967977512154493 5.4177319616786552e-15</Rotation>
<Translation>-0.2477034628416861 0.27727251246967477 -0.5732591979323588</Translation>
</Transform>
</Instance>
<Instance name="upper leg casin-2" uid="upper leg casin-2" entityUid="upper leg casin*:*Default">
<Transform>
<Rotation>-3.3741077400948395e-15 -3.5264246664393207e-15 1 1.4016565685892601e-15 -1 -3.5264246664393144e-15 1 1.4016565685892601e-15 3.3741077400948443e-15</Rotation>
<Translation>-0.29970346284168703 0.27727251246967677 -0.57325919793235758</Translation>
</Transform>
<VisualProperties>
<Ambient r="1" g="1" b="1" a="1"/>
<Diffuse r="1" g="1" b="1" a="1"/>
<Specular r="0.69999998807907104" g="0.69999998807907104" b="0.69999998807907104" a="1"/>
<Emissive r="0.29999999999999999" g="0.29999999999999999" b="0.29999999999999999" a="1"/>
<Shininess>0.10000000149011612</Shininess>
</VisualProperties>
</Instance>
<Instance name="upper leg cap-2" uid="upper leg cap-2" entityUid="upper leg cap*:*Default">
<Transform>
<Rotation>-1.1445187467167997e-15 -5.0237558803842788e-15 -1 -0.8660254037844386 -0.50000000000000011 3.5030602499564152e-15 -0.50000000000000011 0.8660254037844386 -3.7784408414658422e-15</Rotation>
<Translation>-0.24270346284168753 0.2772725124696771 -0.57325919793235625</Translation>
</Transform>
</Instance>
<Instance name="bearing-2" uid="bearing-2" entityUid="bearing*:*Default">
<Transform>
<Rotation>-1 6.3485974971158247e-16 -1.9014138854678047e-15 -1.9428902930940224e-15 -0.097947719097962321 0.99519156162193556 4.4619049242318286e-16 0.99519156162193556 0.097947719097962307</Rotation>
<Translation>-0.3132086628416883 0.27727251246967788 -0.57325919793235858</Translation>
</Transform>
</Instance>
<Instance name="upper leg cap-8" uid="upper leg cap-8" entityUid="upper leg cap*:*Default">
<Transform>
<Rotation>-3.6308468145393967e-15 4.1648029055987372e-15 -1 3.6290415117434804e-15 1.0000000000000002 4.164802905598719e-15 1.0000000000000002 -3.6290415117434804e-15 -3.6308468145394117e-15</Rotation>
<Translation>-0.31670346284168743 0.27727251246967644 -0.57325919793235813</Translation>
</Transform>
</Instance>
<Instance name="Ball bearing filler small-2" uid="Ball bearing filler small-2" entityUid="Ball bearing filler small*:*Default">
<Transform>
<Rotation>-4.0333026609660168e-15 5.1223702643379765e-15 -0.99999999999999978 2.9143354396410359e-15 0.99999999999999989 5.1223702643379639e-15 0.99999999999999989 -2.9143354396410154e-15 -4.033302660966031e-15</Rotation>
<Translation>-0.30970346284168715 0.27727251246967682 -0.57325919793235758</Translation>
</Transform>
</Instance>
<Instance name="bearing-1" uid="bearing-1" entityUid="bearing*:*Default">
<Transform>
<Rotation>-1 -7.7746179960019887e-16 2.4478269417784979e-15 -2.5535129566378048e-15 0.40318393859091672 -0.91511896038838347 -2.7545447358339815e-16 -0.91511896038838347 -0.40318393859091672</Rotation>
<Translation>-0.25119826284168828 0.27727251246967821 -0.57325919793235813</Translation>
</Transform>
</Instance>
<Instance name="Lower joint cap-3" uid="Lower joint cap-3" entityUid="Lower joint cap*:*Default">
<Transform>
<Rotation>-0.58417989782641966 0.81162420304936311 7.0568551002736513e-15 -0.020538217619309615 -0.014782720654847691 0.99967977512154471 0.81136430078759048 0.5839928288896421 0.025305082749071981</Rotation>
<Translation>-0.28220346284168796 0.31606332877871091 -0.74233173434817867</Translation>
</Transform>
</Instance>
<Instance name="upper leg cap-10" uid="upper leg cap-10" entityUid="upper leg cap*:*Default">
<Transform>
<Rotation>0.49999999999997541 -0.86602540378445281 -7.2672964071263448e-15 -0.021914844505568999 -0.012652541374529837 -0.99967977512154482 0.86574808090478672 0.49983988756074804 -0.025305082749073497</Rotation>
<Translation>-0.28220346284168096 0.32106172765432028 -0.74220520893442521</Translation>
</Transform>
</Instance>
<Instance name="foot-1" uid="foot-1" entityUid="foot*:*Default">
<Transform>
<Rotation>6.7649878754405535e-15 -0.66573940746879023 0.74618432129273826 0.99967977512154504 -0.018882255996366597 -0.016846590795319357 0.025305082749069625 0.74594537450914744 0.66552622114795046</Rotation>
<Translation>-0.28142214862170473 0.28915707338710461 -1.0427599422356881</Translation>
</Transform>
</Instance>
<Instance name="upper leg cap-7" uid="upper leg cap-7" entityUid="upper leg cap*:*Default">
<Transform>
<Rotation>6.3862208193040658e-15 -7.6740516670586444e-16 1 0.86602540378443471 0.50000000000000666 -5.1469268803414316e-15 -0.50000000000000666 0.86602540378443471 3.8577027790147828e-15</Rotation>
<Translation>-0.30970346284168687 0.27727251246967677 -0.57325919793235791</Translation>
</Transform>
</Instance>
<Instance name="bearing-4" uid="bearing-4" entityUid="bearing*:*Default">
<Transform>
<Rotation>8.0291815846022813e-15 0.41100052532599102 0.91163510692697636 0.99967977512154504 -0.023069001817750619 0.010400402303279434 0.025305082749073143 0.91134317868566517 -0.41086891273272369</Rotation>
<Translation>-0.28220346284168996 0.25057910517341908 -0.74398934885467471</Translation>
</Transform>
</Instance>
<Instance name="motor axle-1" uid="motor axle-1" entityUid="motor axle*:*Default">
<Transform>
<Rotation>3.3631558684629802e-15 -3.615254691360302e-15 1 0.99934811081297537 -0.036101986296288115 -3.4914813388431322e-15 0.036101986296288115 0.99934811081297537 3.4914813388431326e-15</Rotation>
<Translation>-0.22170346284168696 0.27727251246967644 -0.57325919793235713</Translation>
</Transform>
</Instance>
<Instance name="upper leg cap-1" uid="upper leg cap-1" entityUid="upper leg cap*:*Default">
<Transform>
<Rotation>-1.6493666503147299e-15 -5.0527339457695366e-15 -0.99999999999999978 -0.86602540378443604 -0.50000000000000433 3.9547603922121864e-15 -0.50000000000000433 0.86602540378443604 -3.5511126304430177e-15</Rotation>
<Translation>-0.25470346284168716 0.27727251246967666 -0.57325919793235713</Translation>
</Transform>
</Instance>
<Instance name="Ball bearing filler small-1" uid="Ball bearing filler small-1" entityUid="Ball bearing filler small*:*Default">
<Transform>
<Rotation>-1.5906201765003574e-15 4.9452795385030432e-15 1 -0.86602540378443904 0.49999999999999944 -3.8501572498729137e-15 -0.49999999999999944 -0.86602540378443904 3.4874276209088431e-15</Rotation>
<Translation>-0.25470346284168716 0.27727251246967677 -0.57325919793235713</Translation>
</Transform>
</Instance>
<Instance name="Lower joint casin-2" uid="Lower joint casin-2" entityUid="Lower joint casin*:*Default">
<Transform>
<Rotation>0.58417989782641278 0.81162420304936833 -6.6955980893685339e-15 0.020538217619310347 -0.014782720654847509 -0.99967977512154516 -0.81136430078759558 0.58399282888963522 -0.025305082749072429</Rotation>
<Translation>-0.28220346284168996 0.25908158159678285 -0.74377412406487731</Translation>
</Transform>
<VisualProperties>
<Ambient r="0.792156862745098" g="0.81960784313725488" b="0.93333333333333335" a="1"/>
<Diffuse r="0.792156862745098" g="0.81960784313725488" b="0.93333333333333335" a="1"/>
<Specular r="0.396078431372549" g="0.40980392156862744" b="0.46666666666666667" a="1"/>
<Emissive r="0" g="0" b="0" a="1"/>
<Shininess>0.40000000596046448</Shininess>
</VisualProperties>
</Instance>
<Instance name="bearing-3" uid="bearing-3" entityUid="bearing*:*Default">
<Transform>
<Rotation>-7.7680625027874619e-15 0.46816376799261256 0.88364171831062821 -0.99967977512154504 0.022360626802379151 -0.011846922889177358 -0.025305082749072155 -0.88335875424878429 0.46801385030690978</Rotation>
<Translation>-0.28220346284168629 0.31256964790061748 -0.74242017055136822</Translation>
</Transform>
</Instance>
<Instance name="Lower joint casin-1" uid="Lower joint casin-1" entityUid="Lower joint casin*:*Default">
<Transform>
<Rotation>-0.58417989782642321 0.81162420304936056 6.8608313474882721e-15 -0.020538217619309879 -0.014782720654847774 0.99967977512154493 0.81136430078758803 0.58399282888964565 0.025305082749072245</Rotation>
<Translation>-0.2822034628416864 0.30406717147725371 -0.74263539534116574</Translation>
</Transform>
</Instance>
<Instance name="motor axle-2" uid="motor axle-2" entityUid="motor axle*:*Default">
<Transform>
<Rotation>-0.59291284974869751 0.80526663447759872 7.2508794317870367e-15 -0.020377338820518988 -0.015003708725885405 0.99967977512154493 0.80500876806744948 0.59272298430345205 0.025305082749073168</Rotation>
<Translation>-0.28220346284168502 0.34205500293187219 -0.74167380219670009</Translation>
</Transform>
</Instance>
<Instance name="upper leg cap-4" uid="upper leg cap-4" entityUid="upper leg cap*:*Default">
<Transform>
<Rotation>-1 -1.0083586645073754e-14 7.2566268733639982e-15 7.5094691153665248e-15 -0.025305082749073549 0.99967977512154516 -9.8967280862563089e-15 0.99967977512154516 0.025305082749073549</Rotation>
<Translation>-0.28220346284168274 0.25408318272117514 -0.74390064947861534</Translation>
</Transform>
</Instance>
<Instance name="upper leg casin-3" uid="upper leg casin-3" entityUid="upper leg casin*:*Default">
<Transform>
<Rotation>1 -1.3512285951264583e-15 -7.2564181965508098e-15 -7.2882874623283896e-15 -0.025305082749073487 -0.99967977512154516 1.1671716351882259e-15 0.99967977512154516 -0.025305082749073487</Rotation>
<Translation>-0.28220346284168685 0.29906877260164599 -0.74276192075491143</Translation>
</Transform>
</Instance>
<Instance name="upper leg cap-3" uid="upper leg cap-3" entityUid="upper leg cap*:*Default">
<Transform>
<Rotation>-0.99999999999999989 8.4218554702545472e-15 -7.2564181965508019e-15 7.4672102604913255e-15 0.025305082749073459 -0.99967977512154504 -8.2355343196846299e-15 -0.99967977512154516 -0.025305082749073452</Rotation>
<Translation>-0.28220346284168563 0.30906557035286064 -0.74250886992741971</Translation>
</Transform>
</Instance>
<Instance name="Ball bearing filler-2" uid="Ball bearing filler-2" entityUid="Ball bearing filler*:*Default">
<Transform>
<Rotation>-7.4318485200186283e-16 -1 -6.3471785500200988e-15 0.47792504305520694 5.2201789356645725e-15 -0.87840062227930993 0.87840062227930993 -3.6862896182644424e-15 0.47792504305520694</Rotation>
<Translation>-0.30970346284168665 0.2772725124696761 -0.57325919793235736</Translation>
</Transform>
</Instance>
<Instance name="SEA system-4" uid="SEA system-4" entityUid="SEA system" rigid="true">
<Transform>
<Rotation>0.58417989782642288 0.81162420304936089 -7.2083812477244467e-15 0.020538217619310285 -0.014782720654848484 -0.99967977512154482 -0.81136430078758826 0.58399282888964532 -0.025305082749073015</Rotation>
<Translation>-0.2822034628416854 0.28164639038395178 -0.74320293680292526</Translation>
</Transform>
<Instance name="spring holder-2" uid="spring holder-2" entityUid="spring holder*:*Default">
<Transform>
<Rotation>0.45073332239401576 3.3306690738754696e-16 0.89265865373257436 -1.5820678100908481e-15 1 3.8857805861880479e-16 -0.89265865373257436 -1.6063539387545234e-15 0.4507333223940157</Rotation>
<Translation>-0.023498263518223317 -0.11600984807753006 7.2036914945367014e-05</Translation>
</Transform>
</Instance>
<Instance name="spring connector-2" uid="spring connector-2" entityUid="spring connector*:*Default">
<Transform>
<Rotation>-4.5796699765787707e-16 1.1102230246251565e-16 1 -1.8682971836270212e-15 1.0000000000000002 0 -1 -1.8405416080113923e-15 -3.9551695252271202e-16</Rotation>
<Translation>0.023498263518223261 -0.11600984807753012 7.2036914945450281e-05</Translation>
</Transform>
</Instance>
<Instance name="spring base-2" uid="spring base-2" entityUid="spring base*:*Default">
<Transform>
<Rotation>1.1102230246251565e-16 5.0653925498522767e-16 1 0.99999999999999989 1.8214596497756474e-15 -1.1102230246251565e-16 -1.8544193958192068e-15 0.99999999999999978 -4.649058915617843e-16</Rotation>
<Translation>0.012498263518223196 -0.055009848077530177 7.2036914945339259e-05</Translation>
</Transform>
</Instance>
<Instance name="spring-2" uid="spring-2" entityUid="spring*:*Default">
<Transform>
<Rotation>-0.99999999999999989 4.4408920985006099e-16 -6.7307270867900224e-16 4.4408920985006262e-16 1 -2.484124017598787e-15 6.7307270867900115e-16 -2.4841240175987878e-15 -0.99999999999999989</Rotation>
<Translation>-0.023498263518223317 -0.11300984807753008 7.203691494539477e-05</Translation>
</Transform>
</Instance>
<Instance name="spring base-1" uid="spring base-1" entityUid="spring base*:*Default">
<Transform>
<Rotation>6.106226635438361e-16 -5.134781488891349e-16 -1 1 -9.6103680569115113e-16 5.5511151231257827e-16 -9.9573127521068727e-16 -0.99999999999999978 4.6837533851373792e-16</Rotation>
<Translation>-0.012498263518223307 -0.055009848077530288 7.2036914945255992e-05</Translation>
</Transform>
</Instance>
<Instance name="spring connector-1" uid="spring connector-1" entityUid="spring connector*:*Default">
<Transform>
<Rotation>5.2388648974499574e-16 4.4408920985006262e-16 -0.99999999999999989 1.6583956430338276e-15 1 4.4408920985006262e-16 0.99999999999999978 -1.6878859421254333e-15 4.8225312632155237e-16</Rotation>
<Translation>-0.023498263518223317 -0.11600984807753006 7.2036914945367014e-05</Translation>
</Transform>
</Instance>
<Instance name="spring holder-1" uid="spring holder-1" entityUid="spring holder*:*Default">
<Transform>
<Rotation>0.76073513419101335 0 -0.64906244353481157 -1.1657341758564144e-15 -1 -1.4432899320127035e-15 -0.64906244353481168 1.9272777818102327e-15 -0.76073513419101335</Rotation>
<Translation>0.023498263518223206 -0.11500984807753009 7.2036914945450281e-05</Translation>
</Transform>
</Instance>
<Instance name="spring-1" uid="spring-1" entityUid="spring*:*Default">
<Transform>
<Rotation>-1 -3.8857805861880479e-16 0 -3.8857805861880479e-16 1 -2.05911676598447e-15 0 -2.0920765120280294e-15 -0.99999999999999978</Rotation>
<Translation>0.023498263518223261 -0.1130098480775302 7.2036914945367014e-05</Translation>
</Transform>
</Instance>
<Instance name="Motor axis connector-1" uid="Motor axis connector-1" entityUid="Motor axis connector*:*Default">
<Transform>
<Rotation>1 0 0 0 1 0 0 0 1</Rotation>
<Translation>0 0 0</Translation>
</Transform>
</Instance>
</Instance>
<Instance name="Ball bearing filler small-3" uid="Ball bearing filler small-3" entityUid="Ball bearing filler small*:*Default">
<Transform>
<Rotation>1 -4.0011307046547797e-16 -7.2566269082153177e-15 -7.2644280501027585e-15 -0.025305082749074 -0.99967977512154516 2.1635539991456505e-16 0.99967977512154516 -0.025305082749074</Rotation>
<Translation>-0.28220346284168385 0.25408318272117514 -0.74390064947861656</Translation>
</Transform>
</Instance>
<Instance name="upper leg cap-9" uid="upper leg cap-9" entityUid="upper leg cap*:*Default">
<Transform>
<Rotation>-1 6.7803680562181808e-15 -7.2602060826899664e-15 7.4294589588113626e-15 0.025305082749074 -0.99967977512154516 -6.5944766979836893e-15 -0.99967977512154516 -0.025305082749074</Rotation>
<Translation>-0.2822034628416818 0.24708542429532335 -0.74407778505785893</Translation>
</Transform>
</Instance>
<Instance name="Lower joint cap-4" uid="Lower joint cap-4" entityUid="Lower joint cap*:*Default">
<Transform>
<Rotation>-0.4107972292538391 0.9117267334225585 -7.0843239552366346e-15 0.023071320433802771 0.010395257879351853 -0.99967977512154504 -0.91143477584016375 -0.41066568176103169 -0.025305082749072963</Rotation>
<Translation>-0.28220346284168957 0.24708542429532451 -0.7440777850578657</Translation>
</Transform>
</Instance>
<Instance name="Ball bearing filler-4" uid="Ball bearing filler-4" entityUid="Ball bearing filler*:*Default">
<Transform>
<Rotation>-0.99497712708025787 6.8291959374577448e-15 0.10010253037319679 0.0025331028144920621 0.99967977512154504 0.02517797853419948 -0.10007047505257481 0.025305082749072276 -0.99465851065067279</Rotation>
<Translation>-0.2822034628416884 0.30906557035286009 -0.74250886992742238</Translation>
</Transform>
</Instance>
<Instance name="upper leg casin-7" uid="upper leg casin-7" entityUid="upper leg casin*:*Default">
<Transform>
<Rotation>3.491481338843133e-15 -3.4914813388431334e-15 -1 0 -1 3.4914813388431326e-15 -1 0 -3.4914813388431334e-15</Rotation>
<Translation>-0.26470346284168711 0.27727251246967655 -0.57325919793235736</Translation>
</Transform>
<VisualProperties>
<Ambient r="1" g="1" b="1" a="1"/>
<Diffuse r="1" g="1" b="1" a="1"/>
<Specular r="0.69999998807907104" g="0.69999998807907104" b="0.69999998807907104" a="1"/>
<Emissive r="0.29999999999999999" g="0.29999999999999999" b="0.29999999999999999" a="1"/>
<Shininess>0.10000000149011612</Shininess>
</VisualProperties>
</Instance>
<Instance name="motor body-2" uid="motor body-2" entityUid="motor body*:*Default">
<Transform>
<Rotation>-1 -7.9491973700907138e-15 7.2564181965508083e-15 7.4552496081546641e-15 -0.025305082749073487 0.99967977512154516 -7.7630275764034671e-15 0.99967977512154516 0.025305082749073487</Rotation>
<Translation>-0.28220346284168596 0.353051480458209 -0.74139544628646059</Translation>
</Transform>
</Instance>
<Instance name="Ball bearing filler small-4" uid="Ball bearing filler small-4" entityUid="Ball bearing filler small*:*Default">
<Transform>
<Rotation>0.49999999999998473 -0.86602540378444748 -7.2551533427945088e-15 -0.02191484450556884 -0.01265254137453007 -0.99967977512154493 0.86574808090478139 0.49983988756075731 -0.025305082749073476</Rotation>
<Translation>-0.28220346284168374 0.31606332877871179 -0.74233173434817401</Translation>
</Transform>
</Instance>
<Instance name="upper leg casin-4" uid="upper leg casin-4" entityUid="upper leg casin*:*Default">
<Transform>
<Rotation>-1 -8.5336084818325457e-15 7.2566268733639982e-15 7.4702467896864562e-15 -0.025305082749073487 0.99967977512154516 -8.347246264584051e-15 0.99967977512154516 0.025305082749073487</Rotation>
<Translation>-0.28220346284168657 0.26407998047239201 -0.74364759865112906</Translation>
</Transform>
</Instance>
<Instance name="Ball bearing filler-3" uid="Ball bearing filler-3" entityUid="Ball bearing filler*:*Default">
<Transform>
<Rotation>0.58417989782641189 8.0844792835308311e-15 0.81162420304936878 0.020538217619310434 0.99967977512154504 -0.014782720654849249 -0.81136430078759614 0.025305082749073518 0.58399282888963422</Rotation>
<Translation>-0.2822034628416899 0.24708542429532429 -0.74407778505786604</Translation>
</Transform>
</Instance>
<Instance name="beam filler-2" uid="beam filler-2" entityUid="beam filler*:*Default">
<Transform>
<Rotation>0.5841798978264181 7.9735069560122034e-15 0.81162420304936433 0.020538217619310323 0.99967977512154504 -0.014782720654849273 -0.8113643007875917 0.025305082749073442 0.58399282888964044</Rotation>
<Translation>-0.3268427940094033 0.25989463123279938 -0.77589372965380587</Translation>
</Transform>
</Instance>
<Instance name="upperleg-1" uid="upperleg-1" entityUid="upperleg*:*Default">
<Transform>
<Rotation>-0.58417989782642266 0.81162420304936089 6.9318889414334353e-15 -0.020538217619309788 -0.014782720654847778 0.99967977512154504 0.81136430078758837 0.5839928288896451 0.025305082749072165</Rotation>
<Translation>-0.36336588314662266 0.28305264860250368 -0.80160404259198437</Translation>
</Transform>
</Instance>
<Instance name="Lower joint cap-5" uid="Lower joint cap-5" entityUid="Lower joint cap*:*Default">
<Transform>
<Rotation>0.20345507852199587 -0.97908428187955721 8.2562823904516794e-15 0.024775808771275762 0.0051484475977260271 0.99967977512154504 -0.97877075473439534 -0.20338992714420495 0.025305082749071506</Rotation>
<Translation>-0.44452830345155392 0.31901987290968614 -0.85913030012610347</Translation>
</Transform>
</Instance>
<Instance name="beam filler-1" uid="beam filler-1" entityUid="beam filler*:*Default">
<Transform>
<Rotation>0.58417989782642388 7.1638888034531076e-15 0.81162420304936023 0.02053821761930974 0.99967977512154493 -0.014782720654848074 -0.81136430078758759 0.025305082749072307 0.58399282888964643</Rotation>
<Translation>-0.32684279400940014 0.29488342336205353 -0.77500805175758625</Translation>
</Transform>
</Instance>
<Instance name="Lower joint casin-3" uid="Lower joint casin-3" entityUid="Lower joint casin*:*Default">
<Transform>
<Rotation>-0.74618432129274448 -0.66573940746878302 8.2328636235259956e-15 0.016846590795321192 -0.018882255996366792 0.99967977512154516 -0.66552622114794358 0.74594537450915355 0.025305082749070999</Rotation>
<Translation>-0.44452830345155703 0.30702371560822761 -0.85943396111909298</Translation>
</Transform>
</Instance>
<Instance name="motor axle-3" uid="motor axle-3" entityUid="motor axle*:*Default">
<Transform>
<Rotation>0.73894957790185856 -0.67376073002117354 -6.9232832738323022e-15 -0.017049571026266804 -0.018699180216194489 -0.99967977512154504 0.6735449750732948 0.73871294786309061 -0.025305082749073071</Rotation>
<Translation>-0.44452830345155508 0.34501154706283443 -0.85847236797463111</Translation>
</Transform>
</Instance>
<Instance name="motor body-3" uid="motor body-3" entityUid="motor body*:*Default">
<Transform>
<Rotation>-0.58417989782642366 0.81162420304936056 6.6939230817153385e-15 -0.020538217619310514 -0.014782720654848034 0.99967977512154493 0.81136430078758792 0.58399282888964588 0.025305082749072901</Rotation>
<Translation>-0.44452830345155636 0.35600802458917769 -0.85819401206439017</Translation>
</Transform>
</Instance>
<Instance name="upper leg cap-5" uid="upper leg cap-5" entityUid="upper leg cap*:*Default">
<Transform>
<Rotation>0.99497712708025821 -0.10010253037319086 -8.3761123037540131e-15 -0.0025331028144934997 -0.025177978534199823 -0.99967977512154482 0.10007047505256884 0.99465851065067346 -0.0253050827490728</Rotation>
<Translation>-0.44452830345156058 0.32401827178529607 -0.859003774712361</Translation>
</Transform>
</Instance>
<Instance name="upper leg casin-5" uid="upper leg casin-5" entityUid="upper leg casin*:*Default">
<Transform>
<Rotation>0.58417989782642354 0.81162420304936034 -7.3954289923677721e-15 0.020538217619309358 -0.014782720654848076 -0.99967977512154493 -0.8113643007875877 0.5839928288896461 -0.02530508274907195</Rotation>
<Translation>-0.44452830345155858 0.30202531673261557 -0.85956048653284012</Translation>
</Transform>
</Instance>
<Instance name="bearing-5" uid="bearing-5" entityUid="bearing*:*Default">
<Transform>
<Rotation>-8.2706106581443605e-15 0.9490432340257845 0.3151459026385714 -0.99967977512154504 0.0079747931442919109 -0.02401561756947115 -0.025305082749071117 -0.31504498508020351 0.94873932677152006</Rotation>
<Translation>-0.44452830345155847 0.31552619203159449 -0.85921873632929691</Translation>
</Transform>
</Instance>
<Instance name="bearing-6" uid="bearing-6" entityUid="bearing*:*Default">
<Transform>
<Rotation>-7.0769680983063644e-15 0.77825920421988903 -0.62794315908928011 -0.99967977512154504 -0.015890153602472826 -0.019693913563006031 -0.025305082749071037 0.62774207606748411 0.7780099862608113</Rotation>
<Translation>-0.44452830345155336 0.25353564930439298 -0.86078791463259741</Translation>
</Transform>
</Instance>
<Instance name="Lower joint cap-6" uid="Lower joint cap-6" entityUid="Lower joint cap*:*Default">
<Transform>
<Rotation>0.94963939981474377 0.31334487441075737 -7.8426867161000218e-15 0.0079292179759544289 -0.024030703594093872 -0.99967977512154504 -0.31324453358643484 0.94933530165336177 -0.025305082749072279</Rotation>
<Translation>-0.44452830345155236 0.25004196842629811 -0.86087635083578884</Translation>
</Transform>
</Instance>
<Instance name="upper leg cap-6" uid="upper leg cap-6" entityUid="upper leg cap*:*Default">
<Transform>
<Rotation>-0.99497712708025776 -0.10010253037319566 6.7545795345846926e-15 0.0025331028144918422 -0.025177978534198325 0.99967977512154493 -0.10007047505257369 0.99465851065067301 0.025305082749071145</Rotation>
<Translation>-0.4445283034515613 0.24504356955068543 -0.8610028762495382</Translation>
</Transform>
</Instance>
<Instance name="Ball bearing filler-5" uid="Ball bearing filler-5" entityUid="Ball bearing filler*:*Default">
<Transform>
<Rotation>0.20345507852199268 8.533966435398314e-15 0.97908428187955798 0.024775808771275734 0.99967977512154504 -0.0051484475977262179 -0.97877075473439612 0.02530508274907152 0.2033899271442017</Rotation>
<Translation>-0.44452830345155575 0.31202211448383532 -0.8593074357053474</Translation>
</Transform>
</Instance>
<Instance name="beam filler-5" uid="beam filler-5" entityUid="beam filler*:*Default">
<Transform>
<Rotation>-7.1870292326753386e-15 1 -3.9212342590431086e-15 -0.99967977512154516 -7.2839549245164301e-15 -0.025305082749070638 -0.025305082749070638 3.7381102128262783e-15 0.99967977512154516</Rotation>
<Translation>-0.30470346284168692 0.27866429202087567 -0.62824158556404242</Translation>
</Transform>
</Instance>
<Instance name="upper leg cap-17" uid="upper leg cap-17" entityUid="upper leg cap*:*Default">
<Transform>
<Rotation>0.41079722925383005 0.91172673342256227 8.0804415970904046e-15 -0.023071320433803 0.01039525787935059 0.99967977512154482 0.91143477584016785 -0.41066568176102269 0.025305082749072692</Rotation>
<Translation>-0.44452830345156202 0.30202531673262223 -0.8595604865328409</Translation>
</Transform>
</Instance>
<Instance name="upper leg cap-14" uid="upper leg cap-14" entityUid="upper leg cap*:*Default">
<Transform>
<Rotation>-4.7410272157159301e-15 -1.1588506848081953e-15 -0.99999999999999978 -0.86602540378444048 0.49999999999999684 3.526424666439314e-15 0.49999999999999684 0.86602540378444048 -3.3741077400948427e-15</Rotation>
<Translation>-0.29970346284168703 0.27727251246967677 -0.57325919793235758</Translation>
</Transform>
</Instance>
<Instance name="upper leg cap-11" uid="upper leg cap-11" entityUid="upper leg cap*:*Default">
<Transform>
<Rotation>-0.58417989782642477 0.81162420304935945 8.2901757290573808e-15 -0.020538217619309473 -0.014782720654849306 0.99967977512154493 0.81136430078758703 0.58399282888964732 0.025305082749072588</Rotation>
<Translation>-0.44452830345156047 0.30702371560822983 -0.85943396111909509</Translation>
</Transform>
</Instance>
<Instance name="upper leg casin-6" uid="upper leg casin-6" entityUid="upper leg casin*:*Default">
<Transform>
<Rotation>-0.58417989782642066 0.81162420304936234 6.9175808608884157e-15 -0.020538217619309743 -0.014782720654847649 0.99967977512154482 0.81136430078758992 0.58399282888964321 0.025305082749071974</Rotation>
<Translation>-0.44452830345155925 0.26703652460335936 -0.86044616442905808</Translation>
</Transform>
</Instance>
<Instance name="Lower joint casin-5" uid="Lower joint casin-5" entityUid="Lower joint casin*:*Default">
<Transform>
<Rotation>-0.74618432129273327 -0.66573940746879556 7.3639030367304388e-15 0.016846590795320901 -0.018882255996367135 0.99967977512154504 -0.66552622114795612 0.74594537450914233 0.025305082749071058</Rotation>
<Translation>-0.44452830345155342 0.25703972685214904 -0.86069921525654536</Translation>
</Transform>
</Instance>
<Instance name="upper leg cap-15" uid="upper leg cap-15" entityUid="upper leg cap*:*Default">
<Transform>
<Rotation>0.49999999999999634 0.86602540378444071 7.2112454896355871e-15 -0.021914844505568742 0.01265254137453046 0.99967977512154471 0.86574808090477462 -0.49983988756076903 0.025305082749073587</Rotation>
<Translation>-0.28220346284168507 0.25908158159678407 -0.74377412406487353</Translation>
</Transform>
</Instance>
<Instance name="upper leg cap-16" uid="upper leg cap-16" entityUid="upper leg cap*:*Default">
<Transform>
<Rotation>-0.49999999999999056 0.86602540378444404 7.2424723934120418e-15 -0.021914844505561245 -0.012652541374542622 0.99967977512154516 0.86574808090477839 0.49983988756076303 0.025305082749073182</Rotation>
<Translation>-0.2822034628416924 0.29906877260164544 -0.74276192075491687</Translation>
</Transform>
</Instance>
<Instance name="upper leg cap-18" uid="upper leg cap-18" entityUid="upper leg cap*:*Default">
<Transform>
<Rotation>0.41079722925383566 0.91172673342255994 6.8863465209584133e-15 -0.02307132043380182 0.010395257879351538 0.99967977512154504 0.9114347758401653 -0.41066568176102841 0.025305082749071919</Rotation>
<Translation>-0.44452830345155919 0.26203812572775165 -0.86057268984280333</Translation>
</Transform>
</Instance>
<Instance name="Lower joint casin-6" uid="Lower joint casin-6" entityUid="Lower joint casin*:*Default">
<Transform>
<Rotation>-7.1200478938099566e-15 -3.8157743109100813e-15 -1 -0.99967977512154493 -0.025305082749071318 7.2143263620279252e-15 -0.025305082749071318 0.99967977512154493 -3.6343790039149328e-15</Rotation>
<Translation>-0.30470346284168698 0.2772725124696771 -0.57325919793235713</Translation>
</Transform>
</Instance>
<Instance name="Ball bearing filler small-6" uid="Ball bearing filler small-6" entityUid="Ball bearing filler small*:*Default">
<Transform>
<Rotation>0.99497712708025765 0.1001025303731993 8.4187731181424759e-15 -0.0025331028144939646 0.02517797853420187 0.99967977512154493 0.10007047505257731 -0.99465851065067257 0.025305082749074698</Rotation>
<Translation>-0.4445283034515608 0.31202211448383765 -0.85930743570534984</Translation>
</Transform>
</Instance>
<Instance name="upper leg cap-12" uid="upper leg cap-12" entityUid="upper leg cap*:*Default">
<Transform>
<Rotation>0.9949771270802592 -0.10010253037318149 -6.6387867425632408e-15 -0.0025331028144914528 -0.025177978534199206 -0.99967977512154493 0.10007047505255953 0.99465851065067434 -0.025305082749071981</Rotation>
<Translation>-0.44452830345156336 0.26203812572775165 -0.86057268984280444</Translation>
</Transform>
</Instance>
<Instance name="SEA system-1" uid="SEA system-1" entityUid="SEA system" rigid="true">
<Transform>
<Rotation>0.74618432129274315 -0.66573940746878457 -6.8457586024639815e-15 -0.016846590795321595 -0.018882255996369262 -0.99967977512154493 0.66552622114794491 0.7459453745091521 -0.025305082749073105</Rotation>
<Translation>-0.44452830345155536 0.28460293451491991 -0.86000150258085606</Translation>
</Transform>
<Instance name="spring holder-2" uid="spring holder-2" entityUid="spring holder*:*Default">
<Transform>
<Rotation>0.45073332239401592 1.1102230246251565e-16 0.89265865373257447 -1.6375789613221059e-15 1 4.9960036108132044e-16 -0.89265865373257469 -1.6341095143701523e-15 0.45073332239401581</Rotation>
<Translation>-0.023498263518223261 -0.11600984807753001 7.2036914945339259e-05</Translation>
</Transform>
</Instance>
<Instance name="spring connector-2" uid="spring connector-2" entityUid="spring connector*:*Default">
<Transform>
<Rotation>-4.3368086899420177e-16 -1.6653345369377348e-16 1 -1.8839096949108125e-15 1 -1.6653345369377348e-16 -1.0000000000000002 -1.8214596497756474e-15 -4.1980308118638732e-16</Rotation>
<Translation>0.023498263518223261 -0.11600984807753012 7.2036914945422525e-05</Translation>
</Transform>
</Instance>
<Instance name="spring base-2" uid="spring base-2" entityUid="spring base*:*Default">
<Transform>
<Rotation>-1.6653345369377348e-16 4.8225312632155237e-16 1 0.99999999999999989 1.8388068845354155e-15 -1.6653345369377348e-16 -1.8353374375834619e-15 1 -4.891920202254596e-16</Rotation>
<Translation>0.012498263518223279 -0.055009848077530121 7.2036914945339259e-05</Translation>
</Transform>
</Instance>
<Instance name="spring-2" uid="spring-2" entityUid="spring*:*Default">
<Transform>
<Rotation>-1 2.7755575615628914e-16 -6.9388939039072284e-16 5.5511151231257827e-16 1 -2.4667767828390197e-15 6.9735883734267645e-16 -2.4598378889351125e-15 -1</Rotation>
<Translation>-0.023498263518223261 -0.11300984807753001 7.2036914945422525e-05</Translation>
</Transform>
</Instance>
<Instance name="spring base-1" uid="spring base-1" entityUid="spring base*:*Default">
<Transform>
<Rotation>3.8857805861880479e-16 -4.891920202254596e-16 -1 0.99999999999999989 -9.8185348740287282e-16 6.6613381477509392e-16 -9.7144514654701197e-16 -1 4.9613091412936683e-16</Rotation>
<Translation>-0.012498263518223252 -0.055009848077530232 7.2036914945228236e-05</Translation>
</Transform>
</Instance>
<Instance name="spring connector-1" uid="spring connector-1" entityUid="spring connector*:*Default">
<Transform>
<Rotation>4.9960036108132044e-16 1.6653345369377348e-16 -1 1.672273430841642e-15 1 4.4408920985006262e-16 1 -1.6688039838896884e-15 5.0653925498522767e-16</Rotation>
<Translation>-0.023498263518223261 -0.11600984807753001 7.2036914945339259e-05</Translation>
</Transform>
</Instance>
<Instance name="spring holder-1" uid="spring holder-1" entityUid="spring holder*:*Default">
<Transform>
<Rotation>0.76073513419101357 1.6653345369377348e-16 -0.64906244353481179 -1.27675647831893e-15 -0.99999999999999989 -1.3877787807814457e-15 -0.64906244353481168 1.9047263766225342e-15 -0.76073513419101335</Rotation>
<Translation>0.023498263518223261 -0.11500984807753012 7.2036914945450281e-05</Translation>
</Transform>
</Instance>
<Instance name="spring-1" uid="spring-1" entityUid="spring*:*Default">
<Transform>
<Rotation>-1 -6.106226635438361e-16 0 -3.8857805861880479e-16 0.99999999999999989 -2.0781987242202149e-15 0 -2.0677903833643541e-15 -1</Rotation>
<Translation>0.023498263518223317 -0.11300984807753023 7.2036914945367014e-05</Translation>
</Transform>
</Instance>
<Instance name="Motor axis connector-1" uid="Motor axis connector-1" entityUid="Motor axis connector*:*Default">
<Transform>
<Rotation>1 0 0 0 1 0 0 0 1</Rotation>
<Translation>0 0 0</Translation>
</Transform>
</Instance>
</Instance>
